-16 -1216 7712 7712 1
-16 -1216 3856 3856 1
-16 -1216 1928 1928 1
-16 -1216 964 964 0 0 
948 -1216 964 964 0 0 
-16 -252 964 964 1
-16 -252 482 482 1
-16 -252 241 241 0 1 1 1 
225 -252 241 241 0 1 1 1 
-16 -11 241 241 1
-16 -11 120.5 120.5 1
-16 -11 60.25 60.25 0 2 1 2 1 1 
44.25 -11 60.25 60.25 0 2 1 2 1 1 
-16 49.25 60.25 60.25 0 1 1 2 
44.25 49.25 60.25 60.25 0 1 1 2 
104.5 -11 120.5 120.5 1
104.5 -11 60.25 60.25 0 2 1 2 1 1 
164.75 -11 60.25 60.25 0 2 1 2 1 1 
104.5 49.25 60.25 60.25 0 1 1 2 
164.75 49.25 60.25 60.25 0 1 1 2 
-16 109.5 120.5 120.5 0 1 1 2 
104.5 109.5 120.5 120.5 0 1 1 2 
225 -11 241 241 1
225 -11 120.5 120.5 1
225 -11 60.25 60.25 0 2 1 2 1 1 
285.25 -11 60.25 60.25 0 4 1 1 1 4 1 5 8 2 
225 49.25 60.25 60.25 0 1 1 2 
285.25 49.25 60.25 60.25 0 1 8 2 
345.5 -11 120.5 120.5 1
345.5 -11 60.25 60.25 0 4 1 6 1 1 1 7 1 8 
405.75 -11 60.25 60.25 0 3 1 1 1 8 1 12 
345.5 49.25 60.25 60.25 0 2 1 6 36 0 
405.75 49.25 60.25 60.25 0 3 1 10 1 11 1 12 
225 109.5 120.5 120.5 1
225 109.5 60.25 60.25 0 1 1 2 
285.25 109.5 60.25 60.25 0 0 
225 169.75 60.25 60.25 0 2 1 3 1 2 
285.25 169.75 60.25 60.25 0 1 1 3 
345.5 109.5 120.5 120.5 1
345.5 109.5 60.25 60.25 0 0 
405.75 109.5 60.25 60.25 0 2 1 9 1 10 
345.5 169.75 60.25 60.25 0 1 1 3 
405.75 169.75 60.25 60.25 0 1 1 3 
466 -252 482 482 1
466 -252 241 241 0 1 1 1 
707 -252 241 241 0 1 1 1 
466 -11 241 241 1
466 -11 120.5 120.5 1
466 -11 60.25 60.25 0 2 1 1 1 12 
526.25 -11 60.25 60.25 0 1 1 1 
466 49.25 60.25 60.25 0 3 1 10 1 11 1 12 
526.25 49.25 60.25 60.25 0 0 
586.5 -11 120.5 120.5 1
586.5 -11 60.25 60.25 0 2 1 13 1 1 
646.75 -11 60.25 60.25 0 2 1 13 1 1 
586.5 49.25 60.25 60.25 0 2 1 14 1 15 
646.75 49.25 60.25 60.25 0 2 1 16 1 17 
466 109.5 120.5 120.5 1
466 109.5 60.25 60.25 0 2 1 9 1 10 
526.25 109.5 60.25 60.25 0 0 
466 169.75 60.25 60.25 0 1 1 3 
526.25 169.75 60.25 60.25 0 1 1 3 
586.5 109.5 120.5 120.5 1
586.5 109.5 60.25 60.25 0 2 1 14 1 15 
646.75 109.5 60.25 60.25 0 2 1 16 1 17 
586.5 169.75 60.25 60.25 0 3 1 14 1 3 8 0 
646.75 169.75 60.25 60.25 0 3 1 3 1 17 8 1 
707 -11 241 241 1
707 -11 120.5 120.5 0 1 1 1 
827.5 -11 120.5 120.5 0 1 1 1 
707 109.5 120.5 120.5 1
707 109.5 60.25 60.25 0 0 
767.25 109.5 60.25 60.25 0 0 
707 169.75 60.25 60.25 0 2 8 1 1 3 
767.25 169.75 60.25 60.25 0 1 1 3 
827.5 109.5 120.5 120.5 1
827.5 109.5 60.25 60.25 0 0 
887.75 109.5 60.25 60.25 0 1 12 1 
827.5 169.75 60.25 60.25 0 2 12 0 1 3 
887.75 169.75 60.25 60.25 0 2 1 3 12 1 
-16 230 482 482 0 0 
466 230 482 482 0 0 
948 -252 964 964 1
948 -252 482 482 1
948 -252 241 241 0 1 1 1 
1189 -252 241 241 1
1189 -252 120.5 120.5 0 0 
1309.5 -252 120.5 120.5 0 0 
1189 -131.5 120.5 120.5 0 1 1 1 
1309.5 -131.5 120.5 120.5 1
1309.5 -131.5 60.25 60.25 0 0 
1369.75 -131.5 60.25 60.25 0 0 
1309.5 -71.25 60.25 60.25 0 0 
1369.75 -71.25 60.25 60.25 0 4 2 17 2 16 2 18 2 19 
948 -11 241 241 1
948 -11 120.5 120.5 0 1 1 1 
1068.5 -11 120.5 120.5 1
1068.5 -11 60.25 60.25 0 1 1 1 
1128.75 -11 60.25 60.25 0 2 1 1 8 3 
1068.5 49.25 60.25 60.25 0 0 
1128.75 49.25 60.25 60.25 0 1 1 18 
948 109.5 120.5 120.5 1
948 109.5 60.25 60.25 0 0 
1008.25 109.5 60.25 60.25 0 0 
948 169.75 60.25 60.25 0 2 12 2 1 3 
1008.25 169.75 60.25 60.25 0 2 12 2 1 3 
1068.5 109.5 120.5 120.5 0 1 1 3 
1189 -11 241 241 1
1189 -11 120.5 120.5 1
1189 -11 60.25 60.25 0 2 1 1 1 19 
1249.25 -11 60.25 60.25 0 2 1 1 1 19 
1189 49.25 60.25 60.25 0 3 1 18 1 19 8 4 
1249.25 49.25 60.25 60.25 0 5 1 18 1 19 1 458 46 0 46 1 
1309.5 -11 120.5 120.5 1
1309.5 -11 60.25 60.25 0 0 
1369.75 -11 60.25 60.25 0 8 2 12 2 13 2 14 2 15 2 16 2 17 2 18 2 19 
1309.5 49.25 60.25 60.25 0 3 2 4 1 458 2 5 
1369.75 49.25 60.25 60.25 0 10 1 458 2 5 2 6 2 7 2 8 2 9 2 12 2 13 2 14 2 15 
1189 109.5 120.5 120.5 1
1189 109.5 60.25 60.25 0 2 1 20 8 4 
1249.25 109.5 60.25 60.25 0 5 1 20 1 23 5 0 46 0 46 1 
1189 169.75 60.25 60.25 0 2 1 20 1 3 
1249.25 169.75 60.25 60.25 0 4 1 20 1 3 1 21 1 23 
1309.5 109.5 120.5 120.5 1
1309.5 109.5 60.25 60.25 0 3 1 22 1 23 5 1 
1369.75 109.5 60.25 60.25 0 7 1 22 1 457 2 0 2 1 2 2 2 3 8 5 
1309.5 169.75 60.25 60.25 0 2 1 21 1 23 
1369.75 169.75 60.25 60.25 0 1 1 21 
1430 -252 482 482 1
1430 -252 241 241 1
1430 -252 120.5 120.5 0 0 
1550.5 -252 120.5 120.5 0 0 
1430 -131.5 120.5 120.5 1
1430 -131.5 60.25 60.25 0 0 
1490.25 -131.5 60.25 60.25 0 0 
1430 -71.25 60.25 60.25 0 1 2 19 
1490.25 -71.25 60.25 60.25 0 1 1 26 
1550.5 -131.5 120.5 120.5 0 1 1 26 
1671 -252 241 241 0 1 1 26 
1430 -11 241 241 1
1430 -11 120.5 120.5 1
1430 -11 60.25 60.25 0 2 2 15 2 19 
1490.25 -11 60.25 60.25 0 2 1 27 1 26 
1430 49.25 60.25 60.25 0 5 1 458 2 9 2 10 2 11 2 15 
1490.25 49.25 60.25 60.25 0 4 1 27 1 458 46 2 46 3 
1550.5 -11 120.5 120.5 1
1550.5 -11 60.25 60.25 0 2 1 27 1 26 
1610.75 -11 60.25 60.25 0 2 1 26 8 7 
1550.5 49.25 60.25 60.25 0 3 1 27 1 28 46 3 
1610.75 49.25 60.25 60.25 0 1 1 28 
1430 109.5 120.5 120.5 1
1430 109.5 60.25 60.25 0 3 1 24 2 3 8 6 
1490.25 109.5 60.25 60.25 0 5 1 25 1 29 5 2 46 2 46 3 
1430 169.75 60.25 60.25 0 1 1 21 
1490.25 169.75 60.25 60.25 0 3 1 21 1 25 1 29 
1550.5 109.5 120.5 120.5 1
1550.5 109.5 60.25 60.25 0 3 1 29 5 3 46 3 
1610.75 109.5 60.25 60.25 0 0 
1550.5 169.75 60.25 60.25 0 2 1 30 1 29 
1610.75 169.75 60.25 60.25 0 1 1 30 
1671 -11 241 241 1
1671 -11 120.5 120.5 1
1671 -11 60.25 60.25 0 3 8 7 1 26 8 8 
1731.25 -11 60.25 60.25 0 2 1 26 8 8 
1671 49.25 60.25 60.25 0 0 
1731.25 49.25 60.25 60.25 0 0 
1791.5 -11 120.5 120.5 0 1 1 26 
1671 109.5 120.5 120.5 1
1671 109.5 60.25 60.25 0 1 12 4 
1731.25 109.5 60.25 60.25 0 0 
1671 169.75 60.25 60.25 0 3 12 3 1 30 12 4 
1731.25 169.75 60.25 60.25 0 2 1 30 12 5 
1791.5 109.5 120.5 120.5 1
1791.5 109.5 60.25 60.25 0 0 
1851.75 109.5 60.25 60.25 0 0 
1791.5 169.75 60.25 60.25 0 1 1 30 
1851.75 169.75 60.25 60.25 0 2 12 6 1 30 
948 230 482 482 0 0 
1430 230 482 482 0 1 8 19 
1912 -1216 1928 1928 1
1912 -1216 964 964 0 0 
2876 -1216 964 964 0 0 
1912 -252 964 964 1
1912 -252 482 482 1
1912 -252 241 241 0 1 1 26 
2153 -252 241 241 0 1 1 26 
1912 -11 241 241 1
1912 -11 120.5 120.5 0 1 1 26 
2032.5 -11 120.5 120.5 1
2032.5 -11 60.25 60.25 0 2 1 26 8 9 
2092.75 -11 60.25 60.25 0 2 1 31 1 26 
2032.5 49.25 60.25 60.25 0 0 
2092.75 49.25 60.25 60.25 0 1 1 31 
1912 109.5 120.5 120.5 1
1912 109.5 60.25 60.25 0 1 12 7 
1972.25 109.5 60.25 60.25 0 0 
1912 169.75 60.25 60.25 0 2 12 7 1 30 
1972.25 169.75 60.25 60.25 0 2 1 30 12 8 
2032.5 109.5 120.5 120.5 1
2032.5 109.5 60.25 60.25 0 0 
2092.75 109.5 60.25 60.25 0 1 1 31 
2032.5 169.75 60.25 60.25 0 2 1 30 12 8 
2092.75 169.75 60.25 60.25 0 2 1 31 1 30 
2153 -11 241 241 1
2153 -11 120.5 120.5 1
2153 -11 60.25 60.25 0 2 1 26 1 31 
2213.25 -11 60.25 60.25 0 3 1 26 1 31 8 10 
2153 49.25 60.25 60.25 0 1 1 31 
2213.25 49.25 60.25 60.25 0 1 1 31 
2273.5 -11 120.5 120.5 0 1 1 26 
2153 109.5 120.5 120.5 1
2153 109.5 60.25 60.25 0 1 1 31 
2213.25 109.5 60.25 60.25 0 2 1 31 18 0 
2153 169.75 60.25 60.25 0 1 1 31 
2213.25 169.75 60.25 60.25 0 3 1 32 1 31 18 0 
2273.5 109.5 120.5 120.5 0 1 1 32 
2394 -252 482 482 1
2394 -252 241 241 1
2394 -252 120.5 120.5 0 0 
2514.5 -252 120.5 120.5 0 0 
2394 -131.5 120.5 120.5 0 1 1 26 
2514.5 -131.5 120.5 120.5 1
2514.5 -131.5 60.25 60.25 0 0 
2574.75 -131.5 60.25 60.25 0 0 
2514.5 -71.25 60.25 60.25 0 3 1 26 1 36 1 37 
2574.75 -71.25 60.25 60.25 0 2 1 36 1 37 
2635 -252 241 241 1
2635 -252 120.5 120.5 0 0 
2755.5 -252 120.5 120.5 0 0 
2635 -131.5 120.5 120.5 0 1 1 36 
2755.5 -131.5 120.5 120.5 1
2755.5 -131.5 60.25 60.25 0 0 
2815.75 -131.5 60.25 60.25 0 0 
2755.5 -71.25 60.25 60.25 0 2 1 36 1 42 
2815.75 -71.25 60.25 60.25 0 2 1 36 1 42 
2394 -11 241 241 1
2394 -11 120.5 120.5 1
2394 -11 60.25 60.25 0 2 1 26 8 11 
2454.25 -11 60.25 60.25 0 2 1 26 8 11 
2394 49.25 60.25 60.25 0 0 
2454.25 49.25 60.25 60.25 0 2 1 34 8 12 
2514.5 -11 120.5 120.5 1
2514.5 -11 60.25 60.25 0 3 1 26 1 35 1 37 
2574.75 -11 60.25 60.25 0 1 1 37 
2514.5 49.25 60.25 60.25 0 5 1 34 1 35 1 37 46 4 46 5 
2574.75 49.25 60.25 60.25 0 3 1 37 1 38 46 5 
2394 109.5 120.5 120.5 1
2394 109.5 60.25 60.25 0 0 
2454.25 109.5 60.25 60.25 0 1 8 12 
2394 169.75 60.25 60.25 0 1 1 32 
2454.25 169.75 60.25 60.25 0 1 1 32 
2514.5 109.5 120.5 120.5 1
2514.5 109.5 60.25 60.25 0 5 1 33 1 43 5 4 46 4 46 5 
2574.75 109.5 60.25 60.25 0 3 1 43 5 5 46 5 
2514.5 169.75 60.25 60.25 0 3 1 33 1 32 1 43 
2574.75 169.75 60.25 60.25 0 2 1 43 1 44 
2635 -11 241 241 1
2635 -11 120.5 120.5 1
2635 -11 60.25 60.25 0 1 1 39 
2695.25 -11 60.25 60.25 0 2 1 39 22 0 
2635 49.25 60.25 60.25 0 1 1 38 
2695.25 49.25 60.25 60.25 0 2 1 40 22 0 
2755.5 -11 120.5 120.5 1
2755.5 -11 60.25 60.25 0 2 1 42 22 0 
2815.75 -11 60.25 60.25 0 1 1 42 
2755.5 49.25 60.25 60.25 0 3 1 42 1 40 22 0 
2815.75 49.25 60.25 60.25 0 1 1 42 
2635 109.5 120.5 120.5 1
2635 109.5 60.25 60.25 0 2 1 41 22 1 
2695.25 109.5 60.25 60.25 0 2 1 41 8 13 
2635 169.75 60.25 60.25 0 1 1 44 
2695.25 169.75 60.25 60.25 0 1 8 13 
2755.5 109.5 120.5 120.5 0 1 1 42 
1912 230 482 482 0 0 
2394 230 482 482 1
2394 230 241 241 1
2394 230 120.5 120.5 0 0 
2514.5 230 120.5 120.5 1
2514.5 230 60.25 60.25 0 1 1 43 
2574.75 230 60.25 60.25 0 2 1 43 22 2 
2514.5 290.25 60.25 60.25 0 1 1 43 
2574.75 290.25 60.25 60.25 0 3 1 43 1 47 22 2 
2394 350.5 120.5 120.5 0 0 
2514.5 350.5 120.5 120.5 1
2514.5 350.5 60.25 60.25 0 1 1 43 
2574.75 350.5 60.25 60.25 0 3 1 43 1 47 8 16 
2514.5 410.75 60.25 60.25 0 1 1 43 
2574.75 410.75 60.25 60.25 0 2 1 43 1 49 
2635 230 241 241 1
2635 230 120.5 120.5 1
2635 230 60.25 60.25 0 1 1 45 
2695.25 230 60.25 60.25 0 1 1 45 
2635 290.25 60.25 60.25 0 1 1 47 
2695.25 290.25 60.25 60.25 0 3 1 46 8 14 8 15 
2755.5 230 120.5 120.5 1
2755.5 230 60.25 60.25 0 1 1 42 
2815.75 230 60.25 60.25 0 1 1 42 
2755.5 290.25 60.25 60.25 0 3 1 46 1 42 8 15 
2815.75 290.25 60.25 60.25 0 1 1 42 
2635 350.5 120.5 120.5 1
2635 350.5 60.25 60.25 0 3 1 48 1 47 8 16 
2695.25 350.5 60.25 60.25 0 2 1 48 8 15 
2635 410.75 60.25 60.25 0 2 1 48 1 49 
2695.25 410.75 60.25 60.25 0 2 1 48 8 17 
2755.5 350.5 120.5 120.5 1
2755.5 350.5 60.25 60.25 0 3 8 15 1 42 22 3 
2815.75 350.5 60.25 60.25 0 1 1 42 
2755.5 410.75 60.25 60.25 0 2 1 42 22 3 
2815.75 410.75 60.25 60.25 0 1 1 42 
2394 471 241 241 1
2394 471 120.5 120.5 0 0 
2514.5 471 120.5 120.5 1
2514.5 471 60.25 60.25 0 1 1 43 
2574.75 471 60.25 60.25 0 2 1 43 22 4 
2514.5 531.25 60.25 60.25 0 1 1 43 
2574.75 531.25 60.25 60.25 0 3 1 43 1 52 22 4 
2394 591.5 120.5 120.5 0 0 
2514.5 591.5 120.5 120.5 1
2514.5 591.5 60.25 60.25 0 1 1 43 
2574.75 591.5 60.25 60.25 0 3 1 43 1 52 8 20 
2514.5 651.75 60.25 60.25 0 1 1 43 
2574.75 651.75 60.25 60.25 0 2 1 43 1 54 
2635 471 241 241 1
2635 471 120.5 120.5 1
2635 471 60.25 60.25 0 1 1 50 
2695.25 471 60.25 60.25 0 1 1 50 
2635 531.25 60.25 60.25 0 1 1 52 
2695.25 531.25 60.25 60.25 0 2 1 51 8 18 
2755.5 471 120.5 120.5 1
2755.5 471 60.25 60.25 0 1 1 42 
2815.75 471 60.25 60.25 0 1 1 42 
2755.5 531.25 60.25 60.25 0 2 1 51 1 42 
2815.75 531.25 60.25 60.25 0 1 1 42 
2635 591.5 120.5 120.5 1
2635 591.5 60.25 60.25 0 3 1 53 1 52 8 20 
2695.25 591.5 60.25 60.25 0 1 1 53 
2635 651.75 60.25 60.25 0 2 1 53 1 54 
2695.25 651.75 60.25 60.25 0 2 1 53 8 21 
2755.5 591.5 120.5 120.5 1
2755.5 591.5 60.25 60.25 0 2 22 5 1 42 
2815.75 591.5 60.25 60.25 0 1 1 42 
2755.5 651.75 60.25 60.25 0 2 22 5 1 42 
2815.75 651.75 60.25 60.25 0 1 1 42 
2876 -252 964 964 1
2876 -252 482 482 0 0 
3358 -252 482 482 0 0 
2876 230 482 482 1
2876 230 241 241 0 0 
3117 230 241 241 0 0 
2876 471 241 241 1
2876 471 120.5 120.5 0 0 
2996.5 471 120.5 120.5 0 0 
2876 591.5 120.5 120.5 0 0 
2996.5 591.5 120.5 120.5 1
2996.5 591.5 60.25 60.25 0 0 
3056.75 591.5 60.25 60.25 0 0 
2996.5 651.75 60.25 60.25 0 0 
3056.75 651.75 60.25 60.25 0 2 1 112 1 169 
3117 471 241 241 1
3117 471 120.5 120.5 0 0 
3237.5 471 120.5 120.5 0 0 
3117 591.5 120.5 120.5 0 1 1 112 
3237.5 591.5 120.5 120.5 1
3237.5 591.5 60.25 60.25 0 0 
3297.75 591.5 60.25 60.25 0 0 
3237.5 651.75 60.25 60.25 0 2 1 112 1 166 
3297.75 651.75 60.25 60.25 0 3 1 112 1 166 1 170 
3358 230 482 482 0 1 1 170 
-16 712 1928 1928 1
-16 712 964 964 0 0 
948 712 964 964 0 1 8 29 
-16 1676 964 964 0 0 
948 1676 964 964 1
948 1676 482 482 0 0 
1430 1676 482 482 0 1 18 9 
948 2158 482 482 0 0 
1430 2158 482 482 0 1 8 54 
1912 712 1928 1928 1
1912 712 964 964 1
1912 712 482 482 0 0 
2394 712 482 482 1
2394 712 241 241 1
2394 712 120.5 120.5 0 0 
2514.5 712 120.5 120.5 1
2514.5 712 60.25 60.25 0 1 1 43 
2574.75 712 60.25 60.25 0 2 1 43 22 6 
2514.5 772.25 60.25 60.25 0 1 1 43 
2574.75 772.25 60.25 60.25 0 3 1 43 1 57 22 6 
2394 832.5 120.5 120.5 0 0 
2514.5 832.5 120.5 120.5 1
2514.5 832.5 60.25 60.25 0 1 1 43 
2574.75 832.5 60.25 60.25 0 2 1 43 8 24 
2514.5 892.75 60.25 60.25 0 1 1 43 
2574.75 892.75 60.25 60.25 0 2 1 59 1 43 
2635 712 241 241 1
2635 712 120.5 120.5 1
2635 712 60.25 60.25 0 1 1 55 
2695.25 712 60.25 60.25 0 1 1 55 
2635 772.25 60.25 60.25 0 1 1 57 
2695.25 772.25 60.25 60.25 0 3 1 56 8 22 8 23 
2755.5 712 120.5 120.5 1
2755.5 712 60.25 60.25 0 1 1 42 
2815.75 712 60.25 60.25 0 1 1 42 
2755.5 772.25 60.25 60.25 0 3 1 56 1 42 8 23 
2815.75 772.25 60.25 60.25 0 1 1 42 
2635 832.5 120.5 120.5 1
2635 832.5 60.25 60.25 0 2 1 58 8 24 
2695.25 832.5 60.25 60.25 0 2 1 58 8 23 
2635 892.75 60.25 60.25 0 2 1 59 1 58 
2695.25 892.75 60.25 60.25 0 2 1 58 8 25 
2755.5 832.5 120.5 120.5 1
2755.5 832.5 60.25 60.25 0 3 8 23 1 42 22 7 
2815.75 832.5 60.25 60.25 0 1 1 42 
2755.5 892.75 60.25 60.25 0 2 1 42 22 7 
2815.75 892.75 60.25 60.25 0 1 1 42 
2394 953 241 241 1
2394 953 120.5 120.5 0 0 
2514.5 953 120.5 120.5 1
2514.5 953 60.25 60.25 0 1 1 43 
2574.75 953 60.25 60.25 0 2 1 43 22 8 
2514.5 1013.25 60.25 60.25 0 1 1 43 
2574.75 1013.25 60.25 60.25 0 3 1 43 1 62 22 8 
2394 1073.5 120.5 120.5 0 0 
2514.5 1073.5 120.5 120.5 1
2514.5 1073.5 60.25 60.25 0 1 1 43 
2574.75 1073.5 60.25 60.25 0 2 1 43 8 28 
2514.5 1133.75 60.25 60.25 0 1 1 43 
2574.75 1133.75 60.25 60.25 0 2 1 64 1 43 
2635 953 241 241 1
2635 953 120.5 120.5 1
2635 953 60.25 60.25 0 1 1 60 
2695.25 953 60.25 60.25 0 1 1 60 
2635 1013.25 60.25 60.25 0 1 1 62 
2695.25 1013.25 60.25 60.25 0 3 1 61 8 26 8 27 
2755.5 953 120.5 120.5 1
2755.5 953 60.25 60.25 0 1 1 42 
2815.75 953 60.25 60.25 0 1 1 42 
2755.5 1013.25 60.25 60.25 0 3 1 61 1 42 8 27 
2815.75 1013.25 60.25 60.25 0 1 1 42 
2635 1073.5 120.5 120.5 1
2635 1073.5 60.25 60.25 0 2 1 63 8 28 
2695.25 1073.5 60.25 60.25 0 2 1 63 8 27 
2635 1133.75 60.25 60.25 0 2 1 64 1 63 
2695.25 1133.75 60.25 60.25 0 1 1 63 
2755.5 1073.5 120.5 120.5 1
2755.5 1073.5 60.25 60.25 0 3 8 27 1 42 22 9 
2815.75 1073.5 60.25 60.25 0 1 1 42 
2755.5 1133.75 60.25 60.25 0 2 1 42 22 9 
2815.75 1133.75 60.25 60.25 0 1 1 42 
1912 1194 482 482 0 0 
2394 1194 482 482 1
2394 1194 241 241 1
2394 1194 120.5 120.5 0 0 
2514.5 1194 120.5 120.5 1
2514.5 1194 60.25 60.25 0 1 1 43 
2574.75 1194 60.25 60.25 0 2 1 43 22 10 
2514.5 1254.25 60.25 60.25 0 1 1 43 
2574.75 1254.25 60.25 60.25 0 3 1 43 1 67 22 10 
2394 1314.5 120.5 120.5 0 0 
2514.5 1314.5 120.5 120.5 1
2514.5 1314.5 60.25 60.25 0 1 1 43 
2574.75 1314.5 60.25 60.25 0 2 1 43 8 32 
2514.5 1374.75 60.25 60.25 0 1 1 43 
2574.75 1374.75 60.25 60.25 0 2 1 69 1 43 
2635 1194 241 241 1
2635 1194 120.5 120.5 1
2635 1194 60.25 60.25 0 1 1 65 
2695.25 1194 60.25 60.25 0 1 1 65 
2635 1254.25 60.25 60.25 0 1 1 67 
2695.25 1254.25 60.25 60.25 0 3 1 66 8 30 8 31 
2755.5 1194 120.5 120.5 1
2755.5 1194 60.25 60.25 0 1 1 42 
2815.75 1194 60.25 60.25 0 1 1 42 
2755.5 1254.25 60.25 60.25 0 3 1 66 1 42 8 31 
2815.75 1254.25 60.25 60.25 0 1 1 42 
2635 1314.5 120.5 120.5 1
2635 1314.5 60.25 60.25 0 2 1 68 8 32 
2695.25 1314.5 60.25 60.25 0 2 1 68 8 31 
2635 1374.75 60.25 60.25 0 2 1 69 1 68 
2695.25 1374.75 60.25 60.25 0 2 1 68 8 33 
2755.5 1314.5 120.5 120.5 1
2755.5 1314.5 60.25 60.25 0 3 8 31 1 42 22 11 
2815.75 1314.5 60.25 60.25 0 1 1 42 
2755.5 1374.75 60.25 60.25 0 2 1 42 22 11 
2815.75 1374.75 60.25 60.25 0 1 1 42 
2394 1435 241 241 1
2394 1435 120.5 120.5 0 0 
2514.5 1435 120.5 120.5 1
2514.5 1435 60.25 60.25 0 1 1 43 
2574.75 1435 60.25 60.25 0 2 1 43 22 12 
2514.5 1495.25 60.25 60.25 0 1 1 43 
2574.75 1495.25 60.25 60.25 0 3 1 43 1 72 22 12 
2394 1555.5 120.5 120.5 0 0 
2514.5 1555.5 120.5 120.5 1
2514.5 1555.5 60.25 60.25 0 1 1 43 
2574.75 1555.5 60.25 60.25 0 2 1 43 8 36 
2514.5 1615.75 60.25 60.25 0 1 1 43 
2574.75 1615.75 60.25 60.25 0 2 1 74 1 43 
2635 1435 241 241 1
2635 1435 120.5 120.5 1
2635 1435 60.25 60.25 0 1 1 70 
2695.25 1435 60.25 60.25 0 1 1 70 
2635 1495.25 60.25 60.25 0 1 1 72 
2695.25 1495.25 60.25 60.25 0 3 1 71 8 34 8 35 
2755.5 1435 120.5 120.5 1
2755.5 1435 60.25 60.25 0 1 1 42 
2815.75 1435 60.25 60.25 0 1 1 42 
2755.5 1495.25 60.25 60.25 0 3 1 71 1 42 8 35 
2815.75 1495.25 60.25 60.25 0 1 1 42 
2635 1555.5 120.5 120.5 1
2635 1555.5 60.25 60.25 0 2 1 73 8 36 
2695.25 1555.5 60.25 60.25 0 2 1 73 8 35 
2635 1615.75 60.25 60.25 0 2 1 74 1 73 
2695.25 1615.75 60.25 60.25 0 2 1 73 8 37 
2755.5 1555.5 120.5 120.5 1
2755.5 1555.5 60.25 60.25 0 3 8 35 1 42 22 13 
2815.75 1555.5 60.25 60.25 0 1 1 42 
2755.5 1615.75 60.25 60.25 0 2 1 42 22 13 
2815.75 1615.75 60.25 60.25 0 1 1 42 
2876 712 964 964 1
2876 712 482 482 1
2876 712 241 241 1
2876 712 120.5 120.5 0 0 
2996.5 712 120.5 120.5 1
2996.5 712 60.25 60.25 0 0 
3056.75 712 60.25 60.25 0 1 1 169 
2996.5 772.25 60.25 60.25 0 0 
3056.75 772.25 60.25 60.25 0 2 1 169 1 135 
2876 832.5 120.5 120.5 0 0 
2996.5 832.5 120.5 120.5 1
2996.5 832.5 60.25 60.25 0 0 
3056.75 832.5 60.25 60.25 0 1 1 169 
2996.5 892.75 60.25 60.25 0 0 
3056.75 892.75 60.25 60.25 0 2 1 169 1 138 
3117 712 241 241 1
3117 712 120.5 120.5 1
3117 712 60.25 60.25 0 1 22 28 
3177.25 712 60.25 60.25 0 1 1 134 
3117 772.25 60.25 60.25 0 1 1 135 
3177.25 772.25 60.25 60.25 0 0 
3237.5 712 120.5 120.5 1
3237.5 712 60.25 60.25 0 3 1 134 1 166 8 61 
3297.75 712 60.25 60.25 0 3 1 166 1 170 1 188 
3237.5 772.25 60.25 60.25 0 3 1 136 1 166 8 61 
3297.75 772.25 60.25 60.25 0 4 1 166 1 188 46 10 46 11 
3117 832.5 120.5 120.5 1
3117 832.5 60.25 60.25 0 1 1 137 
3177.25 832.5 60.25 60.25 0 2 1 137 10 1 
3117 892.75 60.25 60.25 0 1 1 138 
3177.25 892.75 60.25 60.25 0 1 22 29 
3237.5 832.5 120.5 120.5 1
3237.5 832.5 60.25 60.25 0 1 1 167 
3297.75 832.5 60.25 60.25 0 5 1 190 1 167 5 10 46 10 46 11 
3237.5 892.75 60.25 60.25 0 1 1 167 
3297.75 892.75 60.25 60.25 0 2 1 190 1 167 
2876 953 241 241 1
2876 953 120.5 120.5 0 0 
2996.5 953 120.5 120.5 0 1 1 169 
2876 1073.5 120.5 120.5 0 0 
2996.5 1073.5 120.5 120.5 1
2996.5 1073.5 60.25 60.25 0 0 
3056.75 1073.5 60.25 60.25 0 1 1 169 
2996.5 1133.75 60.25 60.25 0 0 
3056.75 1133.75 60.25 60.25 0 2 1 143 1 169 
3117 953 241 241 1
3117 953 120.5 120.5 1
3117 953 60.25 60.25 0 2 1 139 22 30 
3177.25 953 60.25 60.25 0 1 1 139 
3117 1013.25 60.25 60.25 0 2 1 141 22 30 
3177.25 1013.25 60.25 60.25 0 2 1 140 8 62 
3237.5 953 120.5 120.5 1
3237.5 953 60.25 60.25 0 1 1 167 
3297.75 953 60.25 60.25 0 1 1 167 
3237.5 1013.25 60.25 60.25 0 3 1 167 1 140 10 2 
3297.75 1013.25 60.25 60.25 0 1 1 167 
3117 1073.5 120.5 120.5 1
3117 1073.5 60.25 60.25 0 1 8 63 
3177.25 1073.5 60.25 60.25 0 1 1 142 
3117 1133.75 60.25 60.25 0 1 1 143 
3177.25 1133.75 60.25 60.25 0 2 1 142 8 64 
3237.5 1073.5 120.5 120.5 1
3237.5 1073.5 60.25 60.25 0 3 10 2 1 167 22 31 
3297.75 1073.5 60.25 60.25 0 1 1 167 
3237.5 1133.75 60.25 60.25 0 2 1 167 22 31 
3297.75 1133.75 60.25 60.25 0 1 1 167 
3358 712 482 482 1
3358 712 241 241 1
3358 712 120.5 120.5 1
3358 712 60.25 60.25 0 2 1 188 1 170 
3418.25 712 60.25 60.25 0 2 1 170 8 86 
3358 772.25 60.25 60.25 0 2 1 188 1 189 
3418.25 772.25 60.25 60.25 0 0 
3478.5 712 120.5 120.5 1
3478.5 712 60.25 60.25 0 2 8 87 1 170 
3538.75 712 60.25 60.25 0 1 1 170 
3478.5 772.25 60.25 60.25 0 0 
3538.75 772.25 60.25 60.25 0 0 
3358 832.5 120.5 120.5 1
3358 832.5 60.25 60.25 0 2 1 190 5 11 
3418.25 832.5 60.25 60.25 0 0 
3358 892.75 60.25 60.25 0 2 1 191 1 190 
3418.25 892.75 60.25 60.25 0 1 1 191 
3478.5 832.5 120.5 120.5 1
3478.5 832.5 60.25 60.25 0 1 12 14 
3538.75 832.5 60.25 60.25 0 0 
3478.5 892.75 60.25 60.25 0 3 12 13 1 191 12 14 
3538.75 892.75 60.25 60.25 0 2 1 191 12 15 
3599 712 241 241 1
3599 712 120.5 120.5 0 1 1 170 
3719.5 712 120.5 120.5 1
3719.5 712 60.25 60.25 0 1 1 170 
3779.75 712 60.25 60.25 0 2 1 194 1 170 
3719.5 772.25 60.25 60.25 0 0 
3779.75 772.25 60.25 60.25 0 1 1 194 
3599 832.5 120.5 120.5 1
3599 832.5 60.25 60.25 0 0 
3659.25 832.5 60.25 60.25 0 0 
3599 892.75 60.25 60.25 0 2 12 16 1 191 
3659.25 892.75 60.25 60.25 0 2 12 16 1 191 
3719.5 832.5 120.5 120.5 1
3719.5 832.5 60.25 60.25 0 1 12 17 
3779.75 832.5 60.25 60.25 0 0 
3719.5 892.75 60.25 60.25 0 2 12 17 1 191 
3779.75 892.75 60.25 60.25 0 2 1 191 12 18 
3358 953 241 241 0 0 
3599 953 241 241 0 0 
2876 1194 482 482 1
2876 1194 241 241 1
2876 1194 120.5 120.5 0 0 
2996.5 1194 120.5 120.5 0 1 1 169 
2876 1314.5 120.5 120.5 0 0 
2996.5 1314.5 120.5 120.5 1
2996.5 1314.5 60.25 60.25 0 0 
3056.75 1314.5 60.25 60.25 0 1 1 169 
2996.5 1374.75 60.25 60.25 0 0 
3056.75 1374.75 60.25 60.25 0 2 1 148 1 169 
3117 1194 241 241 1
3117 1194 120.5 120.5 1
3117 1194 60.25 60.25 0 2 1 144 22 32 
3177.25 1194 60.25 60.25 0 1 1 144 
3117 1254.25 60.25 60.25 0 2 1 146 22 32 
3177.25 1254.25 60.25 60.25 0 2 1 145 8 65 
3237.5 1194 120.5 120.5 1
3237.5 1194 60.25 60.25 0 1 1 167 
3297.75 1194 60.25 60.25 0 1 1 167 
3237.5 1254.25 60.25 60.25 0 3 1 167 1 145 10 3 
3297.75 1254.25 60.25 60.25 0 1 1 167 
3117 1314.5 120.5 120.5 1
3117 1314.5 60.25 60.25 0 1 8 66 
3177.25 1314.5 60.25 60.25 0 1 1 147 
3117 1374.75 60.25 60.25 0 1 1 148 
3177.25 1374.75 60.25 60.25 0 2 1 147 8 67 
3237.5 1314.5 120.5 120.5 1
3237.5 1314.5 60.25 60.25 0 3 10 3 1 167 22 33 
3297.75 1314.5 60.25 60.25 0 1 1 167 
3237.5 1374.75 60.25 60.25 0 2 1 167 22 33 
3297.75 1374.75 60.25 60.25 0 1 1 167 
2876 1435 241 241 1
2876 1435 120.5 120.5 0 0 
2996.5 1435 120.5 120.5 0 1 1 169 
2876 1555.5 120.5 120.5 0 0 
2996.5 1555.5 120.5 120.5 1
2996.5 1555.5 60.25 60.25 0 0 
3056.75 1555.5 60.25 60.25 0 1 1 169 
2996.5 1615.75 60.25 60.25 0 0 
3056.75 1615.75 60.25 60.25 0 2 1 153 1 169 
3117 1435 241 241 1
3117 1435 120.5 120.5 1
3117 1435 60.25 60.25 0 2 1 149 22 34 
3177.25 1435 60.25 60.25 0 1 1 149 
3117 1495.25 60.25 60.25 0 2 1 151 22 34 
3177.25 1495.25 60.25 60.25 0 2 1 150 8 68 
3237.5 1435 120.5 120.5 1
3237.5 1435 60.25 60.25 0 1 1 167 
3297.75 1435 60.25 60.25 0 1 1 167 
3237.5 1495.25 60.25 60.25 0 3 1 167 1 150 10 4 
3297.75 1495.25 60.25 60.25 0 1 1 167 
3117 1555.5 120.5 120.5 1
3117 1555.5 60.25 60.25 0 1 8 69 
3177.25 1555.5 60.25 60.25 0 1 1 152 
3117 1615.75 60.25 60.25 0 1 1 153 
3177.25 1615.75 60.25 60.25 0 2 1 152 8 70 
3237.5 1555.5 120.5 120.5 1
3237.5 1555.5 60.25 60.25 0 3 1 167 10 4 22 35 
3297.75 1555.5 60.25 60.25 0 1 1 167 
3237.5 1615.75 60.25 60.25 0 2 1 167 22 35 
3297.75 1615.75 60.25 60.25 0 3 1 198 1 167 7 0 
3358 1194 482 482 0 1 7 0 
1912 1676 964 964 1
1912 1676 482 482 0 0 
2394 1676 482 482 1
2394 1676 241 241 1
2394 1676 120.5 120.5 0 0 
2514.5 1676 120.5 120.5 1
2514.5 1676 60.25 60.25 0 1 1 43 
2574.75 1676 60.25 60.25 0 1 1 43 
2514.5 1736.25 60.25 60.25 0 1 1 43 
2574.75 1736.25 60.25 60.25 0 2 1 43 1 77 
2394 1796.5 120.5 120.5 0 0 
2514.5 1796.5 120.5 120.5 1
2514.5 1796.5 60.25 60.25 0 1 1 43 
2574.75 1796.5 60.25 60.25 0 2 1 43 22 16 
2514.5 1856.75 60.25 60.25 0 1 1 43 
2574.75 1856.75 60.25 60.25 0 2 1 79 1 43 
2635 1676 241 241 1
2635 1676 120.5 120.5 1
2635 1676 60.25 60.25 0 2 1 75 22 14 
2695.25 1676 60.25 60.25 0 2 1 75 8 38 
2635 1736.25 60.25 60.25 0 2 1 77 22 15 
2695.25 1736.25 60.25 60.25 0 2 1 76 22 15 
2755.5 1676 120.5 120.5 1
2755.5 1676 60.25 60.25 0 1 1 42 
2815.75 1676 60.25 60.25 0 1 1 42 
2755.5 1736.25 60.25 60.25 0 3 1 76 1 42 46 6 
2815.75 1736.25 60.25 60.25 0 4 1 42 1 109 46 6 46 7 
2635 1796.5 120.5 120.5 1
2635 1796.5 60.25 60.25 0 2 1 78 8 39 
2695.25 1796.5 60.25 60.25 0 2 1 78 8 39 
2635 1856.75 60.25 60.25 0 1 1 79 
2695.25 1856.75 60.25 60.25 0 1 22 17 
2755.5 1796.5 120.5 120.5 1
2755.5 1796.5 60.25 60.25 0 3 1 80 5 6 46 6 
2815.75 1796.5 60.25 60.25 0 5 1 110 1 80 5 7 46 6 46 7 
2755.5 1856.75 60.25 60.25 0 1 1 80 
2815.75 1856.75 60.25 60.25 0 1 1 80 
2394 1917 241 241 1
2394 1917 120.5 120.5 0 0 
2514.5 1917 120.5 120.5 1
2514.5 1917 60.25 60.25 0 1 1 43 
2574.75 1917 60.25 60.25 0 2 1 43 22 18 
2514.5 1977.25 60.25 60.25 0 1 1 43 
2574.75 1977.25 60.25 60.25 0 2 1 43 1 83 
2394 2037.5 120.5 120.5 0 0 
2514.5 2037.5 120.5 120.5 1
2514.5 2037.5 60.25 60.25 0 1 1 43 
2574.75 2037.5 60.25 60.25 0 2 1 43 8 42 
2514.5 2097.75 60.25 60.25 0 1 1 43 
2574.75 2097.75 60.25 60.25 0 2 1 85 1 43 
2635 1917 241 241 1
2635 1917 120.5 120.5 1
2635 1917 60.25 60.25 0 1 1 81 
2695.25 1917 60.25 60.25 0 2 1 81 8 40 
2635 1977.25 60.25 60.25 0 1 1 83 
2695.25 1977.25 60.25 60.25 0 3 1 82 8 40 8 41 
2755.5 1917 120.5 120.5 1
2755.5 1917 60.25 60.25 0 1 1 80 
2815.75 1917 60.25 60.25 0 1 1 80 
2755.5 1977.25 60.25 60.25 0 3 1 82 1 80 8 41 
2815.75 1977.25 60.25 60.25 0 1 1 80 
2635 2037.5 120.5 120.5 1
2635 2037.5 60.25 60.25 0 2 1 84 8 42 
2695.25 2037.5 60.25 60.25 0 2 1 84 8 41 
2635 2097.75 60.25 60.25 0 1 1 85 
2695.25 2097.75 60.25 60.25 0 1 8 43 
2755.5 2037.5 120.5 120.5 1
2755.5 2037.5 60.25 60.25 0 3 8 41 1 80 22 19 
2815.75 2037.5 60.25 60.25 0 1 1 80 
2755.5 2097.75 60.25 60.25 0 2 1 80 22 19 
2815.75 2097.75 60.25 60.25 0 1 1 80 
1912 2158 482 482 1
1912 2158 241 241 1
1912 2158 120.5 120.5 1
1912 2158 60.25 60.25 0 2 8 54 10 0 
1972.25 2158 60.25 60.25 0 1 10 0 
1912 2218.25 60.25 60.25 0 0 
1972.25 2218.25 60.25 60.25 0 0 
2032.5 2158 120.5 120.5 0 0 
1912 2278.5 120.5 120.5 0 0 
2032.5 2278.5 120.5 120.5 0 1 20 0 
2153 2158 241 241 1
2153 2158 120.5 120.5 0 1 8 55 
2273.5 2158 120.5 120.5 0 0 
2153 2278.5 120.5 120.5 0 1 18 1 
2273.5 2278.5 120.5 120.5 0 1 18 2 
1912 2399 241 241 0 0 
2153 2399 241 241 0 0 
2394 2158 482 482 1
2394 2158 241 241 1
2394 2158 120.5 120.5 0 0 
2514.5 2158 120.5 120.5 1
2514.5 2158 60.25 60.25 0 1 1 43 
2574.75 2158 60.25 60.25 0 1 1 43 
2514.5 2218.25 60.25 60.25 0 2 1 43 8 56 
2574.75 2218.25 60.25 60.25 0 2 1 43 1 88 
2394 2278.5 120.5 120.5 0 0 
2514.5 2278.5 120.5 120.5 1
2514.5 2278.5 60.25 60.25 0 2 1 89 8 56 
2574.75 2278.5 60.25 60.25 0 1 1 89 
2514.5 2338.75 60.25 60.25 0 1 1 89 
2574.75 2338.75 60.25 60.25 0 2 1 91 1 89 
2635 2158 241 241 1
2635 2158 120.5 120.5 1
2635 2158 60.25 60.25 0 1 1 86 
2695.25 2158 60.25 60.25 0 2 1 86 22 20 
2635 2218.25 60.25 60.25 0 1 1 88 
2695.25 2218.25 60.25 60.25 0 1 1 87 
2755.5 2158 120.5 120.5 1
2755.5 2158 60.25 60.25 0 2 1 80 22 20 
2815.75 2158 60.25 60.25 0 1 1 80 
2755.5 2218.25 60.25 60.25 0 2 1 87 1 80 
2815.75 2218.25 60.25 60.25 0 1 1 80 
2635 2278.5 120.5 120.5 1
2635 2278.5 60.25 60.25 0 2 1 90 22 21 
2695.25 2278.5 60.25 60.25 0 2 1 90 8 44 
2635 2338.75 60.25 60.25 0 1 1 91 
2695.25 2338.75 60.25 60.25 0 1 8 44 
2755.5 2278.5 120.5 120.5 0 1 1 80 
2394 2399 241 241 1
2394 2399 120.5 120.5 0 0 
2514.5 2399 120.5 120.5 1
2514.5 2399 60.25 60.25 0 1 1 89 
2574.75 2399 60.25 60.25 0 2 1 89 22 22 
2514.5 2459.25 60.25 60.25 0 1 1 89 
2574.75 2459.25 60.25 60.25 0 2 1 89 1 94 
2394 2519.5 120.5 120.5 0 0 
2514.5 2519.5 120.5 120.5 1
2514.5 2519.5 60.25 60.25 0 1 1 89 
2574.75 2519.5 60.25 60.25 0 2 1 89 8 47 
2514.5 2579.75 60.25 60.25 0 1 1 89 
2574.75 2579.75 60.25 60.25 0 2 1 96 1 89 
2635 2399 241 241 1
2635 2399 120.5 120.5 1
2635 2399 60.25 60.25 0 1 1 92 
2695.25 2399 60.25 60.25 0 2 1 92 8 45 
2635 2459.25 60.25 60.25 0 1 1 94 
2695.25 2459.25 60.25 60.25 0 3 1 93 8 45 8 46 
2755.5 2399 120.5 120.5 1
2755.5 2399 60.25 60.25 0 1 1 80 
2815.75 2399 60.25 60.25 0 1 1 80 
2755.5 2459.25 60.25 60.25 0 3 1 93 1 80 8 46 
2815.75 2459.25 60.25 60.25 0 1 1 80 
2635 2519.5 120.5 120.5 1
2635 2519.5 60.25 60.25 0 2 1 95 8 47 
2695.25 2519.5 60.25 60.25 0 2 1 95 8 46 
2635 2579.75 60.25 60.25 0 1 1 96 
2695.25 2579.75 60.25 60.25 0 1 8 48 
2755.5 2519.5 120.5 120.5 1
2755.5 2519.5 60.25 60.25 0 3 8 46 1 80 22 23 
2815.75 2519.5 60.25 60.25 0 1 1 80 
2755.5 2579.75 60.25 60.25 0 2 1 80 22 23 
2815.75 2579.75 60.25 60.25 0 1 1 80 
2876 1676 964 964 1
2876 1676 482 482 1
2876 1676 241 241 1
2876 1676 120.5 120.5 0 1 1 109 
2996.5 1676 120.5 120.5 1
2996.5 1676 60.25 60.25 0 0 
3056.75 1676 60.25 60.25 0 1 1 169 
2996.5 1736.25 60.25 60.25 0 2 1 109 46 8 
3056.75 1736.25 60.25 60.25 0 5 1 113 1 109 1 169 46 8 46 9 
2876 1796.5 120.5 120.5 0 1 1 110 
2996.5 1796.5 120.5 120.5 1
2996.5 1796.5 60.25 60.25 0 3 1 110 5 8 46 8 
3056.75 1796.5 60.25 60.25 0 6 1 111 1 110 5 8 5 9 46 8 46 9 
2996.5 1856.75 60.25 60.25 0 0 
3056.75 1856.75 60.25 60.25 0 1 1 111 
3117 1676 241 241 1
3117 1676 120.5 120.5 1
3117 1676 60.25 60.25 0 2 1 114 1 154 
3177.25 1676 60.25 60.25 0 3 1 114 1 154 8 71 
3117 1736.25 60.25 60.25 0 1 1 113 
3177.25 1736.25 60.25 60.25 0 0 
3237.5 1676 120.5 120.5 1
3237.5 1676 60.25 60.25 0 1 1 167 
3297.75 1676 60.25 60.25 0 4 1 167 1 198 1 199 7 0 
3237.5 1736.25 60.25 60.25 0 2 1 167 1 115 
3297.75 1736.25 60.25 60.25 0 5 1 167 1 115 1 199 46 12 46 13 
3117 1796.5 120.5 120.5 1
3117 1796.5 60.25 60.25 0 2 5 9 24 0 
3177.25 1796.5 60.25 60.25 0 2 1 116 10 5 
3117 1856.75 60.25 60.25 0 1 1 133 
3177.25 1856.75 60.25 60.25 0 1 1 133 
3237.5 1796.5 120.5 120.5 1
3237.5 1796.5 60.25 60.25 0 1 1 117 
3297.75 1796.5 60.25 60.25 0 5 1 201 1 117 5 12 46 12 46 13 
3237.5 1856.75 60.25 60.25 0 1 1 117 
3297.75 1856.75 60.25 60.25 0 2 1 201 1 117 
2876 1917 241 241 1
2876 1917 120.5 120.5 0 0 
2996.5 1917 120.5 120.5 0 1 1 111 
2876 2037.5 120.5 120.5 0 0 
2996.5 2037.5 120.5 120.5 1
2996.5 2037.5 60.25 60.25 0 0 
3056.75 2037.5 60.25 60.25 0 1 1 111 
2996.5 2097.75 60.25 60.25 0 0 
3056.75 2097.75 60.25 60.25 0 2 1 111 1 127 
3117 1917 241 241 1
3117 1917 120.5 120.5 1
3117 1917 60.25 60.25 0 2 1 130 22 36 
3177.25 1917 60.25 60.25 0 2 1 130 8 72 
3117 1977.25 60.25 60.25 0 1 1 121 
3177.25 1977.25 60.25 60.25 0 2 1 118 8 72 
3237.5 1917 120.5 120.5 1
3237.5 1917 60.25 60.25 0 1 1 117 
3297.75 1917 60.25 60.25 0 1 1 117 
3237.5 1977.25 60.25 60.25 0 3 1 117 1 118 10 6 
3297.75 1977.25 60.25 60.25 0 1 1 117 
3117 2037.5 120.5 120.5 1
3117 2037.5 60.25 60.25 0 1 8 73 
3177.25 2037.5 60.25 60.25 0 1 1 124 
3117 2097.75 60.25 60.25 0 1 1 127 
3177.25 2097.75 60.25 60.25 0 1 8 74 
3237.5 2037.5 120.5 120.5 1
3237.5 2037.5 60.25 60.25 0 3 10 6 1 117 22 37 
3297.75 2037.5 60.25 60.25 0 1 1 117 
3237.5 2097.75 60.25 60.25 0 2 1 117 22 37 
3297.75 2097.75 60.25 60.25 0 1 1 117 
3358 1676 482 482 1
3358 1676 241 241 1
3358 1676 120.5 120.5 1
3358 1676 60.25 60.25 0 2 1 199 7 0 
3418.25 1676 60.25 60.25 0 2 1 203 7 0 
3358 1736.25 60.25 60.25 0 2 1 200 1 199 
3418.25 1736.25 60.25 60.25 0 1 1 200 
3478.5 1676 120.5 120.5 1
3478.5 1676 60.25 60.25 0 4 1 204 1 203 7 0 27 0 
3538.75 1676 60.25 60.25 0 3 1 204 1 203 7 0 
3478.5 1736.25 60.25 60.25 0 1 27 0 
3538.75 1736.25 60.25 60.25 0 0 
3358 1796.5 120.5 120.5 1
3358 1796.5 60.25 60.25 0 2 1 201 5 13 
3418.25 1796.5 60.25 60.25 0 0 
3358 1856.75 60.25 60.25 0 2 1 202 1 201 
3418.25 1856.75 60.25 60.25 0 1 1 202 
3478.5 1796.5 120.5 120.5 1
3478.5 1796.5 60.25 60.25 0 1 27 1 
3538.75 1796.5 60.25 60.25 0 0 
3478.5 1856.75 60.25 60.25 0 1 1 202 
3538.75 1856.75 60.25 60.25 0 1 1 202 
3599 1676 241 241 1
3599 1676 120.5 120.5 1
3599 1676 60.25 60.25 0 2 1 205 7 0 
3659.25 1676 60.25 60.25 0 4 1 206 1 205 7 0 8 95 
3599 1736.25 60.25 60.25 0 0 
3659.25 1736.25 60.25 60.25 0 1 8 95 
3719.5 1676 120.5 120.5 1
3719.5 1676 60.25 60.25 0 4 1 206 1 205 1 207 7 0 
3779.75 1676 60.25 60.25 0 3 1 207 7 0 27 2 
3719.5 1736.25 60.25 60.25 0 2 1 207 27 3 
3779.75 1736.25 60.25 60.25 0 2 1 207 27 3 
3599 1796.5 120.5 120.5 0 1 1 202 
3719.5 1796.5 120.5 120.5 1
3719.5 1796.5 60.25 60.25 0 0 
3779.75 1796.5 60.25 60.25 0 0 
3719.5 1856.75 60.25 60.25 0 2 28 0 1 202 
3779.75 1856.75 60.25 60.25 0 1 1 202 
3358 1917 241 241 0 0 
3599 1917 241 241 0 0 
2876 2158 482 482 1
2876 2158 241 241 1
2876 2158 120.5 120.5 0 0 
2996.5 2158 120.5 120.5 0 1 1 111 
2876 2278.5 120.5 120.5 0 0 
2996.5 2278.5 120.5 120.5 1
2996.5 2278.5 60.25 60.25 0 0 
3056.75 2278.5 60.25 60.25 0 1 1 111 
2996.5 2338.75 60.25 60.25 0 0 
3056.75 2338.75 60.25 60.25 0 2 1 111 1 128 
3117 2158 241 241 1
3117 2158 120.5 120.5 1
3117 2158 60.25 60.25 0 2 1 131 22 38 
3177.25 2158 60.25 60.25 0 2 1 131 8 75 
3117 2218.25 60.25 60.25 0 1 1 122 
3177.25 2218.25 60.25 60.25 0 2 1 119 8 75 
3237.5 2158 120.5 120.5 1
3237.5 2158 60.25 60.25 0 1 1 117 
3297.75 2158 60.25 60.25 0 1 1 117 
3237.5 2218.25 60.25 60.25 0 3 1 117 1 119 8 76 
3297.75 2218.25 60.25 60.25 0 1 1 117 
3117 2278.5 120.5 120.5 1
3117 2278.5 60.25 60.25 0 1 8 77 
3177.25 2278.5 60.25 60.25 0 1 1 125 
3117 2338.75 60.25 60.25 0 1 1 128 
3177.25 2338.75 60.25 60.25 0 1 8 78 
3237.5 2278.5 120.5 120.5 1
3237.5 2278.5 60.25 60.25 0 3 8 76 1 117 22 39 
3297.75 2278.5 60.25 60.25 0 1 1 117 
3237.5 2338.75 60.25 60.25 0 2 1 117 22 39 
3297.75 2338.75 60.25 60.25 0 1 1 117 
2876 2399 241 241 1
2876 2399 120.5 120.5 0 0 
2996.5 2399 120.5 120.5 0 1 1 111 
2876 2519.5 120.5 120.5 0 0 
2996.5 2519.5 120.5 120.5 1
2996.5 2519.5 60.25 60.25 0 0 
3056.75 2519.5 60.25 60.25 0 1 1 111 
2996.5 2579.75 60.25 60.25 0 0 
3056.75 2579.75 60.25 60.25 0 2 1 111 1 129 
3117 2399 241 241 1
3117 2399 120.5 120.5 1
3117 2399 60.25 60.25 0 2 1 132 22 40 
3177.25 2399 60.25 60.25 0 2 1 132 8 79 
3117 2459.25 60.25 60.25 0 1 1 123 
3177.25 2459.25 60.25 60.25 0 2 1 120 8 79 
3237.5 2399 120.5 120.5 1
3237.5 2399 60.25 60.25 0 1 1 117 
3297.75 2399 60.25 60.25 0 1 1 117 
3237.5 2459.25 60.25 60.25 0 3 1 117 1 120 10 7 
3297.75 2459.25 60.25 60.25 0 1 1 117 
3117 2519.5 120.5 120.5 1
3117 2519.5 60.25 60.25 0 1 8 80 
3177.25 2519.5 60.25 60.25 0 1 1 126 
3117 2579.75 60.25 60.25 0 1 1 129 
3177.25 2579.75 60.25 60.25 0 1 8 81 
3237.5 2519.5 120.5 120.5 1
3237.5 2519.5 60.25 60.25 0 3 1 117 10 7 22 41 
3297.75 2519.5 60.25 60.25 0 1 1 117 
3237.5 2579.75 60.25 60.25 0 2 1 117 22 41 
3297.75 2579.75 60.25 60.25 0 2 1 431 1 117 
3358 2158 482 482 1
3358 2158 241 241 0 0 
3599 2158 241 241 0 0 
3358 2399 241 241 1
3358 2399 120.5 120.5 0 0 
3478.5 2399 120.5 120.5 0 0 
3358 2519.5 120.5 120.5 1
3358 2519.5 60.25 60.25 0 0 
3418.25 2519.5 60.25 60.25 0 0 
3358 2579.75 60.25 60.25 0 2 1 432 1 431 
3418.25 2579.75 60.25 60.25 0 2 1 432 1 433 
3478.5 2519.5 120.5 120.5 0 1 1 433 
3599 2399 241 241 1
3599 2399 120.5 120.5 0 0 
3719.5 2399 120.5 120.5 0 0 
3599 2519.5 120.5 120.5 1
3599 2519.5 60.25 60.25 0 0 
3659.25 2519.5 60.25 60.25 0 0 
3599 2579.75 60.25 60.25 0 1 1 433 
3659.25 2579.75 60.25 60.25 0 2 7 12 1 433 
3719.5 2519.5 120.5 120.5 1
3719.5 2519.5 60.25 60.25 0 0 
3779.75 2519.5 60.25 60.25 0 0 
3719.5 2579.75 60.25 60.25 0 2 1 434 7 12 
3779.75 2579.75 60.25 60.25 0 3 1 435 1 434 1 436 
3840 -1216 3856 3856 1
3840 -1216 1928 1928 1
3840 -1216 964 964 0 0 
4804 -1216 964 964 0 0 
3840 -252 964 964 1
3840 -252 482 482 0 0 
4322 -252 482 482 0 0 
3840 230 482 482 0 1 1 170 
4322 230 482 482 1
4322 230 241 241 0 0 
4563 230 241 241 0 0 
4322 471 241 241 1
4322 471 120.5 120.5 0 0 
4442.5 471 120.5 120.5 0 0 
4322 591.5 120.5 120.5 1
4322 591.5 60.25 60.25 0 0 
4382.25 591.5 60.25 60.25 0 0 
4322 651.75 60.25 60.25 0 2 1 170 1 171 
4382.25 651.75 60.25 60.25 0 2 1 171 7 5 
4442.5 591.5 120.5 120.5 0 1 7 5 
4563 471 241 241 1
4563 471 120.5 120.5 0 0 
4683.5 471 120.5 120.5 0 0 
4563 591.5 120.5 120.5 1
4563 591.5 60.25 60.25 0 0 
4623.25 591.5 60.25 60.25 0 0 
4563 651.75 60.25 60.25 0 3 1 177 1 178 7 5 
4623.25 651.75 60.25 60.25 0 2 1 178 7 6 
4683.5 591.5 120.5 120.5 1
4683.5 591.5 60.25 60.25 0 0 
4743.75 591.5 60.25 60.25 0 0 
4683.5 651.75 60.25 60.25 0 1 7 6 
4743.75 651.75 60.25 60.25 0 2 7 6 1 180 
4804 -252 964 964 1
4804 -252 482 482 0 0 
5286 -252 482 482 0 0 
4804 230 482 482 1
4804 230 241 241 0 0 
5045 230 241 241 0 0 
4804 471 241 241 1
4804 471 120.5 120.5 0 0 
4924.5 471 120.5 120.5 0 0 
4804 591.5 120.5 120.5 1
4804 591.5 60.25 60.25 0 0 
4864.25 591.5 60.25 60.25 0 0 
4804 651.75 60.25 60.25 0 2 1 180 1 181 
4864.25 651.75 60.25 60.25 0 1 1 181 
4924.5 591.5 120.5 120.5 0 1 1 181 
5045 471 241 241 0 1 1 181 
5286 230 482 482 0 1 1 181 
5768 -1216 1928 1928 0 0 
3840 712 1928 1928 1
3840 712 964 964 1
3840 712 482 482 1
3840 712 241 241 1
3840 712 120.5 120.5 1
3840 712 60.25 60.25 0 2 1 194 1 170 
3900.25 712 60.25 60.25 0 3 1 194 1 170 1 195 
3840 772.25 60.25 60.25 0 1 1 194 
3900.25 772.25 60.25 60.25 0 2 1 194 1 195 
3960.5 712 120.5 120.5 1
3960.5 712 60.25 60.25 0 3 1 195 1 170 1 196 
4020.75 712 60.25 60.25 0 3 1 170 1 196 1 197 
3960.5 772.25 60.25 60.25 0 2 1 195 8 88 
4020.75 772.25 60.25 60.25 0 1 1 197 
3840 832.5 120.5 120.5 1
3840 832.5 60.25 60.25 0 0 
3900.25 832.5 60.25 60.25 0 0 
3840 892.75 60.25 60.25 0 2 18 6 1 191 
3900.25 892.75 60.25 60.25 0 2 18 6 1 191 
3960.5 832.5 120.5 120.5 0 1 1 191 
4081 712 241 241 1
4081 712 120.5 120.5 1
4081 712 60.25 60.25 0 3 1 196 1 170 1 197 
4141.25 712 60.25 60.25 0 1 1 170 
4081 772.25 60.25 60.25 0 1 1 197 
4141.25 772.25 60.25 60.25 0 0 
4201.5 712 120.5 120.5 0 1 1 170 
4081 832.5 120.5 120.5 1
4081 832.5 60.25 60.25 0 0 
4141.25 832.5 60.25 60.25 0 0 
4081 892.75 60.25 60.25 0 1 1 191 
4141.25 892.75 60.25 60.25 0 2 12 19 1 191 
4201.5 832.5 120.5 120.5 1
4201.5 832.5 60.25 60.25 0 1 12 20 
4261.75 832.5 60.25 60.25 0 0 
4201.5 892.75 60.25 60.25 0 2 12 20 1 191 
4261.75 892.75 60.25 60.25 0 1 1 191 
3840 953 241 241 0 0 
4081 953 241 241 0 0 
4322 712 482 482 1
4322 712 241 241 1
4322 712 120.5 120.5 1
4322 712 60.25 60.25 0 2 1 170 1 171 
4382.25 712 60.25 60.25 0 4 1 171 1 172 7 5 8 89 
4322 772.25 60.25 60.25 0 1 1 171 
4382.25 772.25 60.25 60.25 0 3 1 171 1 173 8 89 
4442.5 712 120.5 120.5 1
4442.5 712 60.25 60.25 0 2 1 175 7 5 
4502.75 712 60.25 60.25 0 2 1 176 7 5 
4442.5 772.25 60.25 60.25 0 2 1 175 8 90 
4502.75 772.25 60.25 60.25 0 2 1 174 8 90 
4322 832.5 120.5 120.5 1
4322 832.5 60.25 60.25 0 0 
4382.25 832.5 60.25 60.25 0 1 1 173 
4322 892.75 60.25 60.25 0 2 1 191 12 21 
4382.25 892.75 60.25 60.25 0 2 1 191 1 192 
4442.5 832.5 120.5 120.5 1
4442.5 832.5 60.25 60.25 0 0 
4502.75 832.5 60.25 60.25 0 1 1 174 
4442.5 892.75 60.25 60.25 0 1 1 192 
4502.75 892.75 60.25 60.25 0 1 1 192 
4563 712 241 241 1
4563 712 120.5 120.5 1
4563 712 60.25 60.25 0 5 1 176 1 177 1 178 7 5 8 91 
4623.25 712 60.25 60.25 0 2 1 178 7 6 
4563 772.25 60.25 60.25 0 2 1 177 8 91 
4623.25 772.25 60.25 60.25 0 0 
4683.5 712 120.5 120.5 1
4683.5 712 60.25 60.25 0 2 1 179 7 6 
4743.75 712 60.25 60.25 0 3 1 180 1 179 7 6 
4683.5 772.25 60.25 60.25 0 0 
4743.75 772.25 60.25 60.25 0 0 
4563 832.5 120.5 120.5 1
4563 832.5 60.25 60.25 0 0 
4623.25 832.5 60.25 60.25 0 0 
4563 892.75 60.25 60.25 0 2 1 193 1 192 
4623.25 892.75 60.25 60.25 0 1 1 193 
4683.5 832.5 120.5 120.5 0 1 1 193 
4322 953 241 241 0 0 
4563 953 241 241 0 0 
3840 1194 482 482 0 1 7 0 
4322 1194 482 482 1
4322 1194 241 241 0 1 22 46 
4563 1194 241 241 1
4563 1194 120.5 120.5 1
4563 1194 60.25 60.25 0 1 24 3 
4623.25 1194 60.25 60.25 0 0 
4563 1254.25 60.25 60.25 0 1 27 7 
4623.25 1254.25 60.25 60.25 0 2 1 269 1 270 
4683.5 1194 120.5 120.5 1
4683.5 1194 60.25 60.25 0 0 
4743.75 1194 60.25 60.25 0 0 
4683.5 1254.25 60.25 60.25 0 2 1 269 1 270 
4743.75 1254.25 60.25 60.25 0 1 1 269 
4563 1314.5 120.5 120.5 1
4563 1314.5 60.25 60.25 0 1 27 7 
4623.25 1314.5 60.25 60.25 0 2 1 272 1 270 
4563 1374.75 60.25 60.25 0 0 
4623.25 1374.75 60.25 60.25 0 2 1 272 1 273 
4683.5 1314.5 120.5 120.5 1
4683.5 1314.5 60.25 60.25 0 3 1 271 1 270 1 272 
4743.75 1314.5 60.25 60.25 0 1 1 271 
4683.5 1374.75 60.25 60.25 0 2 1 272 1 273 
4743.75 1374.75 60.25 60.25 0 1 1 273 
4322 1435 241 241 1
4322 1435 120.5 120.5 0 0 
4442.5 1435 120.5 120.5 0 0 
4322 1555.5 120.5 120.5 1
4322 1555.5 60.25 60.25 0 0 
4382.25 1555.5 60.25 60.25 0 1 22 47 
4322 1615.75 60.25 60.25 0 3 1 217 1 213 7 0 
4382.25 1615.75 60.25 60.25 0 2 1 217 22 47 
4442.5 1555.5 120.5 120.5 0 1 22 47 
4563 1435 241 241 1
4563 1435 120.5 120.5 1
4563 1435 60.25 60.25 0 1 24 4 
4623.25 1435 60.25 60.25 0 0 
4563 1495.25 60.25 60.25 0 1 27 8 
4623.25 1495.25 60.25 60.25 0 0 
4683.5 1435 120.5 120.5 0 0 
4563 1555.5 120.5 120.5 1
4563 1555.5 60.25 60.25 0 1 27 8 
4623.25 1555.5 60.25 60.25 0 0 
4563 1615.75 60.25 60.25 0 2 1 218 1 223 
4623.25 1615.75 60.25 60.25 0 2 1 223 7 1 
4683.5 1555.5 120.5 120.5 0 1 7 1 
4804 712 964 964 1
4804 712 482 482 1
4804 712 241 241 1
4804 712 120.5 120.5 1
4804 712 60.25 60.25 0 3 1 180 1 181 1 182 
4864.25 712 60.25 60.25 0 2 1 181 1 182 
4804 772.25 60.25 60.25 0 1 1 182 
4864.25 772.25 60.25 60.25 0 1 1 182 
4924.5 712 120.5 120.5 1
4924.5 712 60.25 60.25 0 3 1 182 1 181 1 183 
4984.75 712 60.25 60.25 0 3 1 181 1 183 1 184 
4924.5 772.25 60.25 60.25 0 2 1 182 1 183 
4984.75 772.25 60.25 60.25 0 2 1 183 8 92 
4804 832.5 120.5 120.5 1
4804 832.5 60.25 60.25 0 0 
4864.25 832.5 60.25 60.25 0 0 
4804 892.75 60.25 60.25 0 1 1 193 
4864.25 892.75 60.25 60.25 0 2 18 7 1 193 
4924.5 832.5 120.5 120.5 1
4924.5 832.5 60.25 60.25 0 0 
4984.75 832.5 60.25 60.25 0 0 
4924.5 892.75 60.25 60.25 0 2 18 7 1 193 
4984.75 892.75 60.25 60.25 0 1 1 193 
5045 712 241 241 1
5045 712 120.5 120.5 1
5045 712 60.25 60.25 0 3 1 181 1 184 1 185 
5105.25 712 60.25 60.25 0 3 1 181 1 184 1 185 
5045 772.25 60.25 60.25 0 1 1 185 
5105.25 772.25 60.25 60.25 0 1 1 185 
5165.5 712 120.5 120.5 1
5165.5 712 60.25 60.25 0 1 1 181 
5225.75 712 60.25 60.25 0 2 1 181 8 93 
5165.5 772.25 60.25 60.25 0 0 
5225.75 772.25 60.25 60.25 0 1 1 187 
5045 832.5 120.5 120.5 0 1 1 193 
5165.5 832.5 120.5 120.5 0 1 1 193 
4804 953 241 241 0 1 1 261 
5045 953 241 241 0 1 1 261 
5286 712 482 482 1
5286 712 241 241 1
5286 712 120.5 120.5 1
5286 712 60.25 60.25 0 2 1 186 1 181 
5346.25 712 60.25 60.25 0 2 1 186 1 181 
5286 772.25 60.25 60.25 0 3 1 186 1 187 8 94 
5346.25 772.25 60.25 60.25 0 1 1 186 
5406.5 712 120.5 120.5 0 0 
5286 832.5 120.5 120.5 1
5286 832.5 60.25 60.25 0 2 1 186 8 94 
5346.25 832.5 60.25 60.25 0 1 1 186 
5286 892.75 60.25 60.25 0 2 1 193 1 186 
5346.25 892.75 60.25 60.25 0 1 1 186 
5406.5 832.5 120.5 120.5 0 0 
5527 712 241 241 0 0 
5286 953 241 241 1
5286 953 120.5 120.5 0 0 
5406.5 953 120.5 120.5 0 0 
5286 1073.5 120.5 120.5 1
5286 1073.5 60.25 60.25 0 0 
5346.25 1073.5 60.25 60.25 0 0 
5286 1133.75 60.25 60.25 0 1 1 261 
5346.25 1133.75 60.25 60.25 0 2 1 248 1 249 
5406.5 1073.5 120.5 120.5 1
5406.5 1073.5 60.25 60.25 0 0 
5466.75 1073.5 60.25 60.25 0 0 
5406.5 1133.75 60.25 60.25 0 2 1 248 1 249 
5466.75 1133.75 60.25 60.25 0 1 1 249 
5527 953 241 241 1
5527 953 120.5 120.5 0 0 
5647.5 953 120.5 120.5 0 0 
5527 1073.5 120.5 120.5 1
5527 1073.5 60.25 60.25 0 0 
5587.25 1073.5 60.25 60.25 0 0 
5527 1133.75 60.25 60.25 0 1 1 249 
5587.25 1133.75 60.25 60.25 0 2 1 249 1 250 
5647.5 1073.5 120.5 120.5 0 0 
4804 1194 482 482 1
4804 1194 241 241 1
4804 1194 120.5 120.5 1
4804 1194 60.25 60.25 0 0 
4864.25 1194 60.25 60.25 0 0 
4804 1254.25 60.25 60.25 0 5 1 269 1 264 46 22 46 23 46 24 
4864.25 1254.25 60.25 60.25 0 2 1 264 46 24 
4924.5 1194 120.5 120.5 1
4924.5 1194 60.25 60.25 0 3 1 262 1 261 8 104 
4984.75 1194 60.25 60.25 0 3 1 261 8 104 10 12 
4924.5 1254.25 60.25 60.25 0 2 1 262 1 264 
4984.75 1254.25 60.25 60.25 0 1 1 264 
4804 1314.5 120.5 120.5 1
4804 1314.5 60.25 60.25 0 6 1 266 1 274 6 0 46 22 46 23 46 24 
4864.25 1314.5 60.25 60.25 0 3 1 266 6 1 46 24 
4804 1374.75 60.25 60.25 0 3 1 266 1 273 1 274 
4864.25 1374.75 60.25 60.25 0 2 1 268 1 266 
4924.5 1314.5 120.5 120.5 1
4924.5 1314.5 60.25 60.25 0 1 45 0 
4984.75 1314.5 60.25 60.25 0 0 
4924.5 1374.75 60.25 60.25 0 1 1 268 
4984.75 1374.75 60.25 60.25 0 1 1 268 
5045 1194 241 241 1
5045 1194 120.5 120.5 1
5045 1194 60.25 60.25 0 2 10 12 1 261 
5105.25 1194 60.25 60.25 0 1 1 261 
5045 1254.25 60.25 60.25 0 0 
5105.25 1254.25 60.25 60.25 0 0 
5165.5 1194 120.5 120.5 1
5165.5 1194 60.25 60.25 0 1 1 261 
5225.75 1194 60.25 60.25 0 2 1 261 1 263 
5165.5 1254.25 60.25 60.25 0 0 
5225.75 1254.25 60.25 60.25 0 2 1 263 1 265 
5045 1314.5 120.5 120.5 0 1 1 268 
5165.5 1314.5 120.5 120.5 1
5165.5 1314.5 60.25 60.25 0 0 
5225.75 1314.5 60.25 60.25 0 0 
5165.5 1374.75 60.25 60.25 0 2 18 8 1 268 
5225.75 1374.75 60.25 60.25 0 1 1 268 
4804 1435 241 241 0 1 7 1 
5045 1435 241 241 0 1 7 1 
5286 1194 482 482 1
5286 1194 241 241 1
5286 1194 120.5 120.5 1
5286 1194 60.25 60.25 0 2 1 261 1 263 
5346.25 1194 60.25 60.25 0 1 1 248 
5286 1254.25 60.25 60.25 0 3 1 263 1 265 8 105 
5346.25 1254.25 60.25 60.25 0 5 1 248 1 265 46 20 46 21 8 105 
5406.5 1194 120.5 120.5 1
5406.5 1194 60.25 60.25 0 1 1 248 
5466.75 1194 60.25 60.25 0 1 1 251 
5406.5 1254.25 60.25 60.25 0 2 1 248 1 253 
5466.75 1254.25 60.25 60.25 0 0 
5286 1314.5 120.5 120.5 1
5286 1314.5 60.25 60.25 0 1 8 105 
5346.25 1314.5 60.25 60.25 0 6 1 267 1 247 5 20 46 20 46 21 8 105 
5286 1374.75 60.25 60.25 0 1 1 268 
5346.25 1374.75 60.25 60.25 0 3 1 267 1 247 1 268 
5406.5 1314.5 120.5 120.5 1
5406.5 1314.5 60.25 60.25 0 3 1 247 5 21 22 49 
5466.75 1314.5 60.25 60.25 0 2 1 254 22 49 
5406.5 1374.75 60.25 60.25 0 2 1 247 1 255 
5466.75 1374.75 60.25 60.25 0 1 1 255 
5527 1194 241 241 1
5527 1194 120.5 120.5 1
5527 1194 60.25 60.25 0 1 22 48 
5587.25 1194 60.25 60.25 0 1 1 250 
5527 1254.25 60.25 60.25 0 2 1 252 22 48 
5587.25 1254.25 60.25 60.25 0 2 1 250 1 252 
5647.5 1194 120.5 120.5 0 0 
5527 1314.5 120.5 120.5 1
5527 1314.5 60.25 60.25 0 2 1 254 8 100 
5587.25 1314.5 60.25 60.25 0 1 1 250 
5527 1374.75 60.25 60.25 0 1 8 100 
5587.25 1374.75 60.25 60.25 0 1 1 250 
5647.5 1314.5 120.5 120.5 0 0 
5286 1435 241 241 1
5286 1435 120.5 120.5 0 1 1 247 
5406.5 1435 120.5 120.5 1
5406.5 1435 60.25 60.25 0 2 1 247 22 50 
5466.75 1435 60.25 60.25 0 1 1 256 
5406.5 1495.25 60.25 60.25 0 3 1 247 1 258 22 50 
5466.75 1495.25 60.25 60.25 0 2 1 258 8 101 
5286 1555.5 120.5 120.5 1
5286 1555.5 60.25 60.25 0 0 
5346.25 1555.5 60.25 60.25 0 1 1 247 
5286 1615.75 60.25 60.25 0 1 7 1 
5346.25 1615.75 60.25 60.25 0 4 1 241 1 224 1 247 7 1 
5406.5 1555.5 120.5 120.5 1
5406.5 1555.5 60.25 60.25 0 2 1 247 8 102 
5466.75 1555.5 60.25 60.25 0 1 1 259 
5406.5 1615.75 60.25 60.25 0 3 1 247 1 241 1 260 
5466.75 1615.75 60.25 60.25 0 2 1 259 8 103 
5527 1435 241 241 1
5527 1435 120.5 120.5 1
5527 1435 60.25 60.25 0 1 1 256 
5587.25 1435 60.25 60.25 0 1 1 250 
5527 1495.25 60.25 60.25 0 3 1 257 8 101 10 11 
5587.25 1495.25 60.25 60.25 0 1 1 250 
5647.5 1435 120.5 120.5 0 0 
5527 1555.5 120.5 120.5 1
5527 1555.5 60.25 60.25 0 3 1 259 10 11 22 51 
5587.25 1555.5 60.25 60.25 0 2 1 250 22 51 
5527 1615.75 60.25 60.25 0 3 1 259 8 103 22 51 
5587.25 1615.75 60.25 60.25 0 5 1 243 1 250 1 277 1 286 22 51 
5647.5 1555.5 120.5 120.5 1
5647.5 1555.5 60.25 60.25 0 0 
5707.75 1555.5 60.25 60.25 0 0 
5647.5 1615.75 60.25 60.25 0 3 1 286 1 277 7 2 
5707.75 1615.75 60.25 60.25 0 1 7 2 
3840 1676 964 964 1
3840 1676 482 482 1
3840 1676 241 241 1
3840 1676 120.5 120.5 1
3840 1676 60.25 60.25 0 2 1 207 7 0 
3900.25 1676 60.25 60.25 0 3 1 208 7 0 8 96 
3840 1736.25 60.25 60.25 0 1 1 207 
3900.25 1736.25 60.25 60.25 0 1 8 96 
3960.5 1676 120.5 120.5 1
3960.5 1676 60.25 60.25 0 3 1 209 1 208 7 0 
4020.75 1676 60.25 60.25 0 3 1 210 7 0 27 4 
3960.5 1736.25 60.25 60.25 0 0 
4020.75 1736.25 60.25 60.25 0 2 1 210 27 5 
3840 1796.5 120.5 120.5 0 1 1 202 
3960.5 1796.5 120.5 120.5 1
3960.5 1796.5 60.25 60.25 0 0 
4020.75 1796.5 60.25 60.25 0 0 
3960.5 1856.75 60.25 60.25 0 2 28 1 1 202 
4020.75 1856.75 60.25 60.25 0 1 1 202 
4081 1676 241 241 1
4081 1676 120.5 120.5 1
4081 1676 60.25 60.25 0 3 1 211 1 210 7 0 
4141.25 1676 60.25 60.25 0 3 1 211 7 0 8 97 
4081 1736.25 60.25 60.25 0 1 1 210 
4141.25 1736.25 60.25 60.25 0 0 
4201.5 1676 120.5 120.5 1
4201.5 1676 60.25 60.25 0 2 1 212 7 0 
4261.75 1676 60.25 60.25 0 2 1 214 7 0 
4201.5 1736.25 60.25 60.25 0 0 
4261.75 1736.25 60.25 60.25 0 2 1 214 1 215 
4081 1796.5 120.5 120.5 1
4081 1796.5 60.25 60.25 0 0 
4141.25 1796.5 60.25 60.25 0 1 27 6 
4081 1856.75 60.25 60.25 0 1 1 202 
4141.25 1856.75 60.25 60.25 0 1 1 202 
4201.5 1796.5 120.5 120.5 1
4201.5 1796.5 60.25 60.25 0 0 
4261.75 1796.5 60.25 60.25 0 1 1 216 
4201.5 1856.75 60.25 60.25 0 1 1 202 
4261.75 1856.75 60.25 60.25 0 2 1 216 1 202 
3840 1917 241 241 0 0 
4081 1917 241 241 0 0 
4322 1676 482 482 1
4322 1676 241 241 1
4322 1676 120.5 120.5 1
4322 1676 60.25 60.25 0 4 1 214 1 213 1 217 7 0 
4382.25 1676 60.25 60.25 0 1 1 217 
4322 1736.25 60.25 60.25 0 4 1 214 1 217 46 14 46 15 
4382.25 1736.25 60.25 60.25 0 2 1 217 1 219 
4442.5 1676 120.5 120.5 1
4442.5 1676 60.25 60.25 0 0 
4502.75 1676 60.25 60.25 0 0 
4442.5 1736.25 60.25 60.25 0 4 1 220 1 219 1 221 27 9 
4502.75 1736.25 60.25 60.25 0 2 1 220 1 221 
4322 1796.5 120.5 120.5 1
4322 1796.5 60.25 60.25 0 5 1 222 1 216 5 14 46 14 46 15 
4382.25 1796.5 60.25 60.25 0 2 1 222 5 15 
4322 1856.75 60.25 60.25 0 2 1 222 1 216 
4382.25 1856.75 60.25 60.25 0 1 1 222 
4442.5 1796.5 120.5 120.5 1
4442.5 1796.5 60.25 60.25 0 1 1 222 
4502.75 1796.5 60.25 60.25 0 2 27 10 1 222 
4442.5 1856.75 60.25 60.25 0 1 1 222 
4502.75 1856.75 60.25 60.25 0 1 1 222 
4563 1676 241 241 1
4563 1676 120.5 120.5 1
4563 1676 60.25 60.25 0 3 1 218 1 223 1 225 
4623.25 1676 60.25 60.25 0 3 1 223 1 225 7 1 
4563 1736.25 60.25 60.25 0 5 1 218 1 220 1 225 46 16 46 17 
4623.25 1736.25 60.25 60.25 0 3 1 225 1 226 46 17 
4683.5 1676 120.5 120.5 1
4683.5 1676 60.25 60.25 0 2 1 232 7 1 
4743.75 1676 60.25 60.25 0 4 1 232 1 233 7 1 27 11 
4683.5 1736.25 60.25 60.25 0 1 1 226 
4743.75 1736.25 60.25 60.25 0 1 27 11 
4563 1796.5 120.5 120.5 1
4563 1796.5 60.25 60.25 0 6 1 227 1 222 5 16 46 16 46 17 27 10 
4623.25 1796.5 60.25 60.25 0 3 1 227 5 17 46 17 
4563 1856.75 60.25 60.25 0 2 1 227 1 222 
4623.25 1856.75 60.25 60.25 0 2 1 227 1 228 
4683.5 1796.5 120.5 120.5 1
4683.5 1796.5 60.25 60.25 0 0 
4743.75 1796.5 60.25 60.25 0 1 27 12 
4683.5 1856.75 60.25 60.25 0 1 1 228 
4743.75 1856.75 60.25 60.25 0 1 1 228 
4322 1917 241 241 0 0 
4563 1917 241 241 0 0 
3840 2158 482 482 1
3840 2158 241 241 0 0 
4081 2158 241 241 0 0 
3840 2399 241 241 1
3840 2399 120.5 120.5 0 0 
3960.5 2399 120.5 120.5 0 0 
3840 2519.5 120.5 120.5 1
3840 2519.5 60.25 60.25 0 0 
3900.25 2519.5 60.25 60.25 0 0 
3840 2579.75 60.25 60.25 0 2 1 436 1 435 
3900.25 2579.75 60.25 60.25 0 1 1 436 
3960.5 2519.5 120.5 120.5 0 1 1 436 
4081 2399 241 241 0 1 1 436 
4322 2158 482 482 1
4322 2158 241 241 0 0 
4563 2158 241 241 0 0 
4322 2399 241 241 1
4322 2399 120.5 120.5 0 0 
4442.5 2399 120.5 120.5 0 0 
4322 2519.5 120.5 120.5 1
4322 2519.5 60.25 60.25 0 0 
4382.25 2519.5 60.25 60.25 0 0 
4322 2579.75 60.25 60.25 0 2 1 436 7 13 
4382.25 2579.75 60.25 60.25 0 1 7 13 
4442.5 2519.5 120.5 120.5 0 1 7 13 
4563 2399 241 241 1
4563 2399 120.5 120.5 0 0 
4683.5 2399 120.5 120.5 0 0 
4563 2519.5 120.5 120.5 1
4563 2519.5 60.25 60.25 0 0 
4623.25 2519.5 60.25 60.25 0 0 
4563 2579.75 60.25 60.25 0 2 7 13 1 440 
4623.25 2579.75 60.25 60.25 0 1 1 440 
4683.5 2519.5 120.5 120.5 1
4683.5 2519.5 60.25 60.25 0 0 
4743.75 2519.5 60.25 60.25 0 0 
4683.5 2579.75 60.25 60.25 0 2 1 440 1 442 
4743.75 2579.75 60.25 60.25 0 2 1 442 1 443 
4804 1676 964 964 1
4804 1676 482 482 1
4804 1676 241 241 1
4804 1676 120.5 120.5 1
4804 1676 60.25 60.25 0 4 1 233 1 232 1 234 7 1 
4864.25 1676 60.25 60.25 0 2 1 234 7 1 
4804 1736.25 60.25 60.25 0 0 
4864.25 1736.25 60.25 60.25 0 1 1 235 
4924.5 1676 120.5 120.5 1
4924.5 1676 60.25 60.25 0 1 7 1 
4984.75 1676 60.25 60.25 0 3 1 237 7 1 27 13 
4924.5 1736.25 60.25 60.25 0 2 1 235 10 10 
4984.75 1736.25 60.25 60.25 0 1 1 236 
4804 1796.5 120.5 120.5 0 1 1 228 
4924.5 1796.5 120.5 120.5 1
4924.5 1796.5 60.25 60.25 0 0 
4984.75 1796.5 60.25 60.25 0 2 1 236 8 98 
4924.5 1856.75 60.25 60.25 0 1 1 228 
4984.75 1856.75 60.25 60.25 0 1 1 228 
5045 1676 241 241 1
5045 1676 120.5 120.5 1
5045 1676 60.25 60.25 0 3 1 238 1 237 7 1 
5105.25 1676 60.25 60.25 0 3 1 238 1 239 7 1 
5045 1736.25 60.25 60.25 0 1 1 238 
5105.25 1736.25 60.25 60.25 0 1 1 238 
5165.5 1676 120.5 120.5 1
5165.5 1676 60.25 60.25 0 3 1 239 7 1 8 99 
5225.75 1676 60.25 60.25 0 2 1 240 7 1 
5165.5 1736.25 60.25 60.25 0 0 
5225.75 1736.25 60.25 60.25 0 0 
5045 1796.5 120.5 120.5 1
5045 1796.5 60.25 60.25 0 1 27 14 
5105.25 1796.5 60.25 60.25 0 0 
5045 1856.75 60.25 60.25 0 2 27 14 1 228 
5105.25 1856.75 60.25 60.25 0 1 1 228 
5165.5 1796.5 120.5 120.5 1
5165.5 1796.5 60.25 60.25 0 1 27 15 
5225.75 1796.5 60.25 60.25 0 0 
5165.5 1856.75 60.25 60.25 0 1 1 228 
5225.75 1856.75 60.25 60.25 0 1 1 228 
4804 1917 241 241 0 0 
5045 1917 241 241 0 0 
5286 1676 482 482 1
5286 1676 241 241 1
5286 1676 120.5 120.5 1
5286 1676 60.25 60.25 0 2 1 229 7 1 
5346.25 1676 60.25 60.25 0 4 1 229 1 224 1 241 7 1 
5286 1736.25 60.25 60.25 0 2 1 229 1 230 
5346.25 1736.25 60.25 60.25 0 4 1 229 1 241 46 18 46 19 
5406.5 1676 120.5 120.5 1
5406.5 1676 60.25 60.25 0 1 1 241 
5466.75 1676 60.25 60.25 0 1 27 16 
5406.5 1736.25 60.25 60.25 0 2 1 244 1 241 
5466.75 1736.25 60.25 60.25 0 4 1 244 1 245 1 246 27 16 
5286 1796.5 120.5 120.5 1
5286 1796.5 60.25 60.25 0 1 1 231 
5346.25 1796.5 60.25 60.25 0 5 1 231 1 242 5 18 46 18 46 19 
5286 1856.75 60.25 60.25 0 2 1 231 1 228 
5346.25 1856.75 60.25 60.25 0 2 1 231 1 242 
5406.5 1796.5 120.5 120.5 1
5406.5 1796.5 60.25 60.25 0 2 5 19 1 242 
5466.75 1796.5 60.25 60.25 0 1 1 242 
5406.5 1856.75 60.25 60.25 0 1 1 242 
5466.75 1856.75 60.25 60.25 0 1 1 242 
5527 1676 241 241 1
5527 1676 120.5 120.5 1
5527 1676 60.25 60.25 0 0 
5587.25 1676 60.25 60.25 0 4 1 243 1 277 1 284 1 286 
5527 1736.25 60.25 60.25 0 2 1 245 1 246 
5587.25 1736.25 60.25 60.25 0 5 1 245 1 243 1 284 46 25 46 26 
5647.5 1676 120.5 120.5 1
5647.5 1676 60.25 60.25 0 4 1 284 1 277 1 286 7 2 
5707.75 1676 60.25 60.25 0 2 1 287 7 2 
5647.5 1736.25 60.25 60.25 0 3 1 284 1 285 46 26 
5707.75 1736.25 60.25 60.25 0 1 1 285 
5527 1796.5 120.5 120.5 1
5527 1796.5 60.25 60.25 0 2 1 242 27 17 
5587.25 1796.5 60.25 60.25 0 6 1 283 1 242 5 22 46 25 46 26 27 17 
5527 1856.75 60.25 60.25 0 1 1 242 
5587.25 1856.75 60.25 60.25 0 2 1 283 1 242 
5647.5 1796.5 120.5 120.5 1
5647.5 1796.5 60.25 60.25 0 3 1 283 5 23 46 26 
5707.75 1796.5 60.25 60.25 0 0 
5647.5 1856.75 60.25 60.25 0 2 1 283 1 282 
5707.75 1856.75 60.25 60.25 0 1 1 282 
5286 1917 241 241 0 0 
5527 1917 241 241 0 0 
4804 2158 482 482 1
4804 2158 241 241 0 0 
5045 2158 241 241 0 0 
4804 2399 241 241 0 1 1 443 
5045 2399 241 241 1
5045 2399 120.5 120.5 0 0 
5165.5 2399 120.5 120.5 0 0 
5045 2519.5 120.5 120.5 0 1 1 360 
5165.5 2519.5 120.5 120.5 1
5165.5 2519.5 60.25 60.25 0 0 
5225.75 2519.5 60.25 60.25 0 0 
5165.5 2579.75 60.25 60.25 0 2 1 361 1 360 
5225.75 2579.75 60.25 60.25 0 2 1 361 1 362 
5286 2158 482 482 1
5286 2158 241 241 0 0 
5527 2158 241 241 0 0 
5286 2399 241 241 1
5286 2399 120.5 120.5 0 0 
5406.5 2399 120.5 120.5 0 0 
5286 2519.5 120.5 120.5 1
5286 2519.5 60.25 60.25 0 0 
5346.25 2519.5 60.25 60.25 0 0 
5286 2579.75 60.25 60.25 0 1 1 362 
5346.25 2579.75 60.25 60.25 0 2 1 363 1 362 
5406.5 2519.5 120.5 120.5 1
5406.5 2519.5 60.25 60.25 0 0 
5466.75 2519.5 60.25 60.25 0 0 
5406.5 2579.75 60.25 60.25 0 2 1 364 1 363 
5466.75 2579.75 60.25 60.25 0 2 1 364 1 365 
5527 2399 241 241 1
5527 2399 120.5 120.5 0 0 
5647.5 2399 120.5 120.5 0 0 
5527 2519.5 120.5 120.5 1
5527 2519.5 60.25 60.25 0 0 
5587.25 2519.5 60.25 60.25 0 0 
5527 2579.75 60.25 60.25 0 2 1 365 7 9 
5587.25 2579.75 60.25 60.25 0 2 1 367 7 9 
5647.5 2519.5 120.5 120.5 1
5647.5 2519.5 60.25 60.25 0 0 
5707.75 2519.5 60.25 60.25 0 0 
5647.5 2579.75 60.25 60.25 0 2 1 368 1 367 
5707.75 2579.75 60.25 60.25 0 2 1 368 1 369 
5768 712 1928 1928 1
5768 712 964 964 1
5768 712 482 482 0 0 
6250 712 482 482 0 0 
5768 1194 482 482 1
5768 1194 241 241 0 0 
6009 1194 241 241 0 0 
5768 1435 241 241 0 1 7 2 
6009 1435 241 241 1
6009 1435 120.5 120.5 0 0 
6129.5 1435 120.5 120.5 0 0 
6009 1555.5 120.5 120.5 0 1 7 2 
6129.5 1555.5 120.5 120.5 1
6129.5 1555.5 60.25 60.25 0 0 
6189.75 1555.5 60.25 60.25 0 0 
6129.5 1615.75 60.25 60.25 0 3 7 2 1 275 7 4 
6189.75 1615.75 60.25 60.25 0 1 7 4 
6250 1194 482 482 1
6250 1194 241 241 0 0 
6491 1194 241 241 0 0 
6250 1435 241 241 1
6250 1435 120.5 120.5 0 0 
6370.5 1435 120.5 120.5 0 0 
6250 1555.5 120.5 120.5 1
6250 1555.5 60.25 60.25 0 0 
6310.25 1555.5 60.25 60.25 0 0 
6250 1615.75 60.25 60.25 0 1 7 4 
6310.25 1615.75 60.25 60.25 0 2 7 4 1 276 
6370.5 1555.5 120.5 120.5 1
6370.5 1555.5 60.25 60.25 0 0 
6430.75 1555.5 60.25 60.25 0 0 
6370.5 1615.75 60.25 60.25 0 2 7 3 1 276 
6430.75 1615.75 60.25 60.25 0 1 7 3 
6491 1435 241 241 0 1 7 3 
6732 712 964 964 1
6732 712 482 482 0 0 
7214 712 482 482 0 0 
6732 1194 482 482 0 1 7 3 
7214 1194 482 482 1
7214 1194 241 241 0 0 
7455 1194 241 241 0 0 
7214 1435 241 241 1
7214 1435 120.5 120.5 0 0 
7334.5 1435 120.5 120.5 0 0 
7214 1555.5 120.5 120.5 0 1 7 3 
7334.5 1555.5 120.5 120.5 1
7334.5 1555.5 60.25 60.25 0 0 
7394.75 1555.5 60.25 60.25 0 0 
7334.5 1615.75 60.25 60.25 0 1 7 3 
7394.75 1615.75 60.25 60.25 0 4 1 278 1 315 1 316 7 3 
7455 1435 241 241 1
7455 1435 120.5 120.5 0 0 
7575.5 1435 120.5 120.5 0 0 
7455 1555.5 120.5 120.5 1
7455 1555.5 60.25 60.25 0 0 
7515.25 1555.5 60.25 60.25 0 0 
7455 1615.75 60.25 60.25 0 2 1 315 1 316 
7515.25 1615.75 60.25 60.25 0 1 1 315 
7575.5 1555.5 120.5 120.5 1
7575.5 1555.5 60.25 60.25 0 0 
7635.75 1555.5 60.25 60.25 0 0 
7575.5 1615.75 60.25 60.25 0 1 1 315 
7635.75 1615.75 60.25 60.25 0 2 1 321 1 315 
5768 1676 964 964 1
5768 1676 482 482 1
5768 1676 241 241 1
5768 1676 120.5 120.5 1
5768 1676 60.25 60.25 0 4 1 288 1 287 7 2 27 18 
5828.25 1676 60.25 60.25 0 3 1 288 1 287 7 2 
5768 1736.25 60.25 60.25 0 1 27 18 
5828.25 1736.25 60.25 60.25 0 0 
5888.5 1676 120.5 120.5 1
5888.5 1676 60.25 60.25 0 1 7 2 
5948.75 1676 60.25 60.25 0 3 7 2 1 289 8 106 
5888.5 1736.25 60.25 60.25 0 0 
5948.75 1736.25 60.25 60.25 0 1 8 106 
5768 1796.5 120.5 120.5 1
5768 1796.5 60.25 60.25 0 1 27 19 
5828.25 1796.5 60.25 60.25 0 0 
5768 1856.75 60.25 60.25 0 1 1 282 
5828.25 1856.75 60.25 60.25 0 1 1 282 
5888.5 1796.5 120.5 120.5 0 1 1 282 
6009 1676 241 241 1
6009 1676 120.5 120.5 1
6009 1676 60.25 60.25 0 3 1 290 1 289 7 2 
6069.25 1676 60.25 60.25 0 3 1 291 7 2 27 21 
6009 1736.25 60.25 60.25 0 0 
6069.25 1736.25 60.25 60.25 0 2 1 291 27 20 
6129.5 1676 120.5 120.5 1
6129.5 1676 60.25 60.25 0 5 1 291 1 275 1 292 7 2 7 4 
6189.75 1676 60.25 60.25 0 5 1 292 1 293 1 295 7 4 8 107 
6129.5 1736.25 60.25 60.25 0 2 1 291 1 275 
6189.75 1736.25 60.25 60.25 0 2 1 295 8 107 
6009 1796.5 120.5 120.5 1
6009 1796.5 60.25 60.25 0 0 
6069.25 1796.5 60.25 60.25 0 0 
6009 1856.75 60.25 60.25 0 2 28 2 1 282 
6069.25 1856.75 60.25 60.25 0 1 1 282 
6129.5 1796.5 120.5 120.5 1
6129.5 1796.5 60.25 60.25 0 0 
6189.75 1796.5 60.25 60.25 0 1 1 294 
6129.5 1856.75 60.25 60.25 0 1 1 282 
6189.75 1856.75 60.25 60.25 0 2 1 294 1 282 
5768 1917 241 241 0 0 
6009 1917 241 241 0 0 
6250 1676 482 482 1
6250 1676 241 241 1
6250 1676 120.5 120.5 1
6250 1676 60.25 60.25 0 5 1 295 1 296 1 297 1 298 7 4 
6310.25 1676 60.25 60.25 0 4 1 276 1 298 7 4 8 108 
6250 1736.25 60.25 60.25 0 3 1 295 1 296 1 297 
6310.25 1736.25 60.25 60.25 0 2 1 276 8 108 
6370.5 1676 120.5 120.5 1
6370.5 1676 60.25 60.25 0 3 1 300 1 276 7 3 
6430.75 1676 60.25 60.25 0 1 7 3 
6370.5 1736.25 60.25 60.25 0 1 1 276 
6430.75 1736.25 60.25 60.25 0 2 1 301 10 13 
6250 1796.5 120.5 120.5 1
6250 1796.5 60.25 60.25 0 1 1 299 
6310.25 1796.5 60.25 60.25 0 1 1 299 
6250 1856.75 60.25 60.25 0 2 1 299 1 282 
6310.25 1856.75 60.25 60.25 0 2 1 299 1 282 
6370.5 1796.5 120.5 120.5 0 1 1 282 
6491 1676 241 241 1
6491 1676 120.5 120.5 1
6491 1676 60.25 60.25 0 2 7 3 27 22 
6551.25 1676 60.25 60.25 0 4 1 303 1 304 7 3 27 22 
6491 1736.25 60.25 60.25 0 2 1 302 1 301 
6551.25 1736.25 60.25 60.25 0 2 1 302 1 304 
6611.5 1676 120.5 120.5 1
6611.5 1676 60.25 60.25 0 3 1 304 1 303 7 3 
6671.75 1676 60.25 60.25 0 2 1 305 7 3 
6611.5 1736.25 60.25 60.25 0 1 1 304 
6671.75 1736.25 60.25 60.25 0 0 
6491 1796.5 120.5 120.5 1
6491 1796.5 60.25 60.25 0 1 1 302 
6551.25 1796.5 60.25 60.25 0 3 1 302 8 109 27 23 
6491 1856.75 60.25 60.25 0 1 1 282 
6551.25 1856.75 60.25 60.25 0 2 1 282 27 23 
6611.5 1796.5 120.5 120.5 0 1 1 282 
6250 1917 241 241 0 0 
6491 1917 241 241 0 0 
5768 2158 482 482 1
5768 2158 241 241 0 0 
6009 2158 241 241 1
6009 2158 120.5 120.5 0 0 
6129.5 2158 120.5 120.5 1
6129.5 2158 60.25 60.25 0 0 
6189.75 2158 60.25 60.25 0 0 
6129.5 2218.25 60.25 60.25 0 2 1 353 1 352 
6189.75 2218.25 60.25 60.25 0 2 1 353 1 352 
6009 2278.5 120.5 120.5 0 0 
6129.5 2278.5 120.5 120.5 1
6129.5 2278.5 60.25 60.25 0 1 1 353 
6189.75 2278.5 60.25 60.25 0 2 1 354 1 353 
6129.5 2338.75 60.25 60.25 0 0 
6189.75 2338.75 60.25 60.25 0 2 1 354 1 355 
5768 2399 241 241 1
5768 2399 120.5 120.5 0 0 
5888.5 2399 120.5 120.5 0 0 
5768 2519.5 120.5 120.5 1
5768 2519.5 60.25 60.25 0 0 
5828.25 2519.5 60.25 60.25 0 0 
5768 2579.75 60.25 60.25 0 2 1 369 7 10 
5828.25 2579.75 60.25 60.25 0 2 1 371 7 10 
5888.5 2519.5 120.5 120.5 1
5888.5 2519.5 60.25 60.25 0 0 
5948.75 2519.5 60.25 60.25 0 0 
5888.5 2579.75 60.25 60.25 0 2 7 7 1 371 
5948.75 2579.75 60.25 60.25 0 1 7 7 
6009 2399 241 241 1
6009 2399 120.5 120.5 0 0 
6129.5 2399 120.5 120.5 0 0 
6009 2519.5 120.5 120.5 1
6009 2519.5 60.25 60.25 0 0 
6069.25 2519.5 60.25 60.25 0 0 
6009 2579.75 60.25 60.25 0 1 7 7 
6069.25 2579.75 60.25 60.25 0 2 7 7 1 377 
6129.5 2519.5 120.5 120.5 1
6129.5 2519.5 60.25 60.25 0 0 
6189.75 2519.5 60.25 60.25 0 0 
6129.5 2579.75 60.25 60.25 0 2 1 377 1 378 
6189.75 2579.75 60.25 60.25 0 1 1 378 
6250 2158 482 482 1
6250 2158 241 241 1
6250 2158 120.5 120.5 1
6250 2158 60.25 60.25 0 0 
6310.25 2158 60.25 60.25 0 0 
6250 2218.25 60.25 60.25 0 2 1 353 1 352 
6310.25 2218.25 60.25 60.25 0 1 1 352 
6370.5 2158 120.5 120.5 1
6370.5 2158 60.25 60.25 0 2 1 343 1 342 
6430.75 2158 60.25 60.25 0 2 1 342 1 348 
6370.5 2218.25 60.25 60.25 0 5 1 343 1 349 1 352 46 31 46 32 
6430.75 2218.25 60.25 60.25 0 2 1 348 1 349 
6250 2278.5 120.5 120.5 1
6250 2278.5 60.25 60.25 0 3 1 353 1 357 47 0 
6310.25 2278.5 60.25 60.25 0 0 
6250 2338.75 60.25 60.25 0 2 1 355 47 0 
6310.25 2338.75 60.25 60.25 0 1 1 355 
6370.5 2278.5 120.5 120.5 1
6370.5 2278.5 60.25 60.25 0 5 1 344 1 356 6 2 46 31 46 32 
6430.75 2278.5 60.25 60.25 0 1 6 3 
6370.5 2338.75 60.25 60.25 0 4 1 345 1 344 1 355 1 356 
6430.75 2338.75 60.25 60.25 0 1 1 345 
6491 2158 241 241 1
6491 2158 120.5 120.5 1
6491 2158 60.25 60.25 0 2 1 342 8 119 
6551.25 2158 60.25 60.25 0 2 1 342 10 16 
6491 2218.25 60.25 60.25 0 1 1 349 
6551.25 2218.25 60.25 60.25 0 0 
6611.5 2158 120.5 120.5 0 1 1 342 
6491 2278.5 120.5 120.5 0 1 1 345 
6611.5 2278.5 120.5 120.5 0 1 1 345 
6250 2399 241 241 0 1 1 378 
6491 2399 241 241 1
6491 2399 120.5 120.5 0 0 
6611.5 2399 120.5 120.5 0 0 
6491 2519.5 120.5 120.5 0 1 1 378 
6611.5 2519.5 120.5 120.5 1
6611.5 2519.5 60.25 60.25 0 0 
6671.75 2519.5 60.25 60.25 0 0 
6611.5 2579.75 60.25 60.25 0 2 1 378 1 381 
6671.75 2579.75 60.25 60.25 0 2 1 381 7 8 
6732 1676 964 964 1
6732 1676 482 482 1
6732 1676 241 241 1
6732 1676 120.5 120.5 1
6732 1676 60.25 60.25 0 4 1 306 1 305 7 3 8 110 
6792.25 1676 60.25 60.25 0 4 1 306 1 305 1 307 7 3 
6732 1736.25 60.25 60.25 0 1 8 110 
6792.25 1736.25 60.25 60.25 0 2 1 307 27 24 
6852.5 1676 120.5 120.5 1
6852.5 1676 60.25 60.25 0 4 1 308 1 307 7 3 27 25 
6912.75 1676 60.25 60.25 0 2 1 308 7 3 
6852.5 1736.25 60.25 60.25 0 2 1 307 27 24 
6912.75 1736.25 60.25 60.25 0 1 1 309 
6732 1796.5 120.5 120.5 1
6732 1796.5 60.25 60.25 0 0 
6792.25 1796.5 60.25 60.25 0 0 
6732 1856.75 60.25 60.25 0 2 28 3 1 282 
6792.25 1856.75 60.25 60.25 0 2 28 3 1 282 
6852.5 1796.5 120.5 120.5 0 1 1 282 
6973 1676 241 241 1
6973 1676 120.5 120.5 1
6973 1676 60.25 60.25 0 1 7 3 
7033.25 1676 60.25 60.25 0 3 1 311 7 3 27 26 
6973 1736.25 60.25 60.25 0 2 1 309 10 14 
7033.25 1736.25 60.25 60.25 0 1 1 310 
7093.5 1676 120.5 120.5 1
7093.5 1676 60.25 60.25 0 3 1 312 1 311 7 3 
7153.75 1676 60.25 60.25 0 3 1 312 1 313 7 3 
7093.5 1736.25 60.25 60.25 0 1 1 312 
7153.75 1736.25 60.25 60.25 0 1 1 312 
6973 1796.5 120.5 120.5 1
6973 1796.5 60.25 60.25 0 0 
7033.25 1796.5 60.25 60.25 0 2 1 310 8 111 
6973 1856.75 60.25 60.25 0 1 1 282 
7033.25 1856.75 60.25 60.25 0 1 1 282 
7093.5 1796.5 120.5 120.5 1
7093.5 1796.5 60.25 60.25 0 1 27 27 
7153.75 1796.5 60.25 60.25 0 0 
7093.5 1856.75 60.25 60.25 0 2 27 27 1 282 
7153.75 1856.75 60.25 60.25 0 1 1 282 
6732 1917 241 241 0 0 
6973 1917 241 241 0 0 
7214 1676 482 482 1
7214 1676 241 241 1
7214 1676 120.5 120.5 1
7214 1676 60.25 60.25 0 3 1 313 7 3 8 112 
7274.25 1676 60.25 60.25 0 2 1 314 7 3 
7214 1736.25 60.25 60.25 0 0 
7274.25 1736.25 60.25 60.25 0 0 
7334.5 1676 120.5 120.5 1
7334.5 1676 60.25 60.25 0 2 1 279 7 3 
7394.75 1676 60.25 60.25 0 4 1 278 1 279 1 316 7 3 
7334.5 1736.25 60.25 60.25 0 2 1 279 1 280 
7394.75 1736.25 60.25 60.25 0 4 1 279 1 316 46 27 46 28 
7214 1796.5 120.5 120.5 1
7214 1796.5 60.25 60.25 0 1 27 28 
7274.25 1796.5 60.25 60.25 0 0 
7214 1856.75 60.25 60.25 0 1 1 282 
7274.25 1856.75 60.25 60.25 0 1 1 282 
7334.5 1796.5 120.5 120.5 1
7334.5 1796.5 60.25 60.25 0 1 1 281 
7394.75 1796.5 60.25 60.25 0 5 1 281 1 317 5 24 46 27 46 28 
7334.5 1856.75 60.25 60.25 0 2 1 282 1 281 
7394.75 1856.75 60.25 60.25 0 2 1 281 1 317 
7455 1676 241 241 1
7455 1676 120.5 120.5 1
7455 1676 60.25 60.25 0 1 1 316 
7515.25 1676 60.25 60.25 0 1 1 322 
7455 1736.25 60.25 60.25 0 2 1 316 1 324 
7515.25 1736.25 60.25 60.25 0 0 
7575.5 1676 120.5 120.5 1
7575.5 1676 60.25 60.25 0 1 22 52 
7635.75 1676 60.25 60.25 0 1 1 321 
7575.5 1736.25 60.25 60.25 0 1 1 323 
7635.75 1736.25 60.25 60.25 0 2 1 323 1 321 
7455 1796.5 120.5 120.5 1
7455 1796.5 60.25 60.25 0 3 1 317 5 25 22 53 
7515.25 1796.5 60.25 60.25 0 2 1 325 22 53 
7455 1856.75 60.25 60.25 0 2 1 317 1 326 
7515.25 1856.75 60.25 60.25 0 1 1 326 
7575.5 1796.5 120.5 120.5 1
7575.5 1796.5 60.25 60.25 0 2 1 325 8 113 
7635.75 1796.5 60.25 60.25 0 1 1 321 
7575.5 1856.75 60.25 60.25 0 1 8 113 
7635.75 1856.75 60.25 60.25 0 1 1 321 
7214 1917 241 241 0 1 1 317 
7455 1917 241 241 1
7455 1917 120.5 120.5 1
7455 1917 60.25 60.25 0 2 1 317 22 54 
7515.25 1917 60.25 60.25 0 2 1 327 8 114 
7455 1977.25 60.25 60.25 0 2 1 317 1 329 
7515.25 1977.25 60.25 60.25 0 2 1 329 8 114 
7575.5 1917 120.5 120.5 1
7575.5 1917 60.25 60.25 0 1 1 327 
7635.75 1917 60.25 60.25 0 1 1 321 
7575.5 1977.25 60.25 60.25 0 2 1 328 10 15 
7635.75 1977.25 60.25 60.25 0 1 1 321 
7455 2037.5 120.5 120.5 1
7455 2037.5 60.25 60.25 0 2 1 317 8 115 
7515.25 2037.5 60.25 60.25 0 1 1 330 
7455 2097.75 60.25 60.25 0 2 1 317 1 331 
7515.25 2097.75 60.25 60.25 0 1 8 116 
7575.5 2037.5 120.5 120.5 1
7575.5 2037.5 60.25 60.25 0 3 1 330 10 15 22 55 
7635.75 2037.5 60.25 60.25 0 2 1 321 22 55 
7575.5 2097.75 60.25 60.25 0 2 8 116 22 55 
7635.75 2097.75 60.25 60.25 0 2 1 321 22 55 
6732 2158 482 482 1
6732 2158 241 241 1
6732 2158 120.5 120.5 1
6732 2158 60.25 60.25 0 1 1 342 
6792.25 2158 60.25 60.25 0 2 8 120 1 342 
6732 2218.25 60.25 60.25 0 0 
6792.25 2218.25 60.25 60.25 0 0 
6852.5 2158 120.5 120.5 1
6852.5 2158 60.25 60.25 0 2 8 120 1 342 
6912.75 2158 60.25 60.25 0 1 1 342 
6852.5 2218.25 60.25 60.25 0 0 
6912.75 2218.25 60.25 60.25 0 0 
6732 2278.5 120.5 120.5 1
6732 2278.5 60.25 60.25 0 0 
6792.25 2278.5 60.25 60.25 0 0 
6732 2338.75 60.25 60.25 0 2 1 345 20 1 
6792.25 2338.75 60.25 60.25 0 2 18 10 1 345 
6852.5 2278.5 120.5 120.5 0 1 1 345 
6973 2158 241 241 1
6973 2158 120.5 120.5 0 1 1 342 
7093.5 2158 120.5 120.5 1
7093.5 2158 60.25 60.25 0 2 8 121 1 342 
7153.75 2158 60.25 60.25 0 1 1 342 
7093.5 2218.25 60.25 60.25 0 0 
7153.75 2218.25 60.25 60.25 0 0 
6973 2278.5 120.5 120.5 1
6973 2278.5 60.25 60.25 0 0 
7033.25 2278.5 60.25 60.25 0 0 
6973 2338.75 60.25 60.25 0 2 1 345 20 2 
7033.25 2338.75 60.25 60.25 0 2 18 11 1 345 
7093.5 2278.5 120.5 120.5 1
7093.5 2278.5 60.25 60.25 0 0 
7153.75 2278.5 60.25 60.25 0 0 
7093.5 2338.75 60.25 60.25 0 2 18 11 1 345 
7153.75 2338.75 60.25 60.25 0 1 1 345 
6732 2399 241 241 1
6732 2399 120.5 120.5 0 0 
6852.5 2399 120.5 120.5 0 0 
6732 2519.5 120.5 120.5 0 1 7 8 
6852.5 2519.5 120.5 120.5 1
6852.5 2519.5 60.25 60.25 0 0 
6912.75 2519.5 60.25 60.25 0 0 
6852.5 2579.75 60.25 60.25 0 3 1 387 1 388 7 8 
6912.75 2579.75 60.25 60.25 0 1 1 388 
6973 2399 241 241 1
6973 2399 120.5 120.5 0 0 
7093.5 2399 120.5 120.5 0 0 
6973 2519.5 120.5 120.5 1
6973 2519.5 60.25 60.25 0 0 
7033.25 2519.5 60.25 60.25 0 0 
6973 2579.75 60.25 60.25 0 3 1 388 1 389 1 390 
7033.25 2579.75 60.25 60.25 0 2 1 390 7 11 
7093.5 2519.5 120.5 120.5 1
7093.5 2519.5 60.25 60.25 0 0 
7153.75 2519.5 60.25 60.25 0 0 
7093.5 2579.75 60.25 60.25 0 1 7 11 
7153.75 2579.75 60.25 60.25 0 2 7 11 1 392 
7214 2158 482 482 1
7214 2158 241 241 1
7214 2158 120.5 120.5 1
7214 2158 60.25 60.25 0 1 1 342 
7274.25 2158 60.25 60.25 0 2 1 342 1 351 
7214 2218.25 60.25 60.25 0 0 
7274.25 2218.25 60.25 60.25 0 2 1 350 1 351 
7334.5 2158 120.5 120.5 1
7334.5 2158 60.25 60.25 0 2 1 342 1 351 
7394.75 2158 60.25 60.25 0 3 1 342 1 317 1 347 
7334.5 2218.25 60.25 60.25 0 3 1 350 1 351 8 122 
7394.75 2218.25 60.25 60.25 0 6 1 317 1 347 1 350 46 29 46 30 8 122 
7214 2278.5 120.5 120.5 1
7214 2278.5 60.25 60.25 0 0 
7274.25 2278.5 60.25 60.25 0 0 
7214 2338.75 60.25 60.25 0 2 18 12 1 345 
7274.25 2338.75 60.25 60.25 0 1 1 345 
7334.5 2278.5 120.5 120.5 1
7334.5 2278.5 60.25 60.25 0 1 8 122 
7394.75 2278.5 60.25 60.25 0 6 1 318 1 346 5 26 46 29 46 30 8 122 
7334.5 2338.75 60.25 60.25 0 1 1 345 
7394.75 2338.75 60.25 60.25 0 3 1 345 1 318 1 346 
7455 2158 241 241 1
7455 2158 120.5 120.5 1
7455 2158 60.25 60.25 0 1 1 317 
7515.25 2158 60.25 60.25 0 1 1 332 
7455 2218.25 60.25 60.25 0 2 1 317 1 334 
7515.25 2218.25 60.25 60.25 0 0 
7575.5 2158 120.5 120.5 1
7575.5 2158 60.25 60.25 0 1 22 56 
7635.75 2158 60.25 60.25 0 1 1 321 
7575.5 2218.25 60.25 60.25 0 1 1 333 
7635.75 2218.25 60.25 60.25 0 2 1 333 1 321 
7455 2278.5 120.5 120.5 1
7455 2278.5 60.25 60.25 0 3 1 318 5 27 22 57 
7515.25 2278.5 60.25 60.25 0 2 1 335 22 57 
7455 2338.75 60.25 60.25 0 2 1 318 1 336 
7515.25 2338.75 60.25 60.25 0 1 1 336 
7575.5 2278.5 120.5 120.5 1
7575.5 2278.5 60.25 60.25 0 2 1 335 8 117 
7635.75 2278.5 60.25 60.25 0 1 1 321 
7575.5 2338.75 60.25 60.25 0 1 8 117 
7635.75 2338.75 60.25 60.25 0 1 1 321 
7214 2399 241 241 1
7214 2399 120.5 120.5 0 0 
7334.5 2399 120.5 120.5 0 1 1 318 
7214 2519.5 120.5 120.5 1
7214 2519.5 60.25 60.25 0 0 
7274.25 2519.5 60.25 60.25 0 0 
7214 2579.75 60.25 60.25 0 1 1 392 
7274.25 2579.75 60.25 60.25 0 2 1 393 1 392 
7334.5 2519.5 120.5 120.5 1
7334.5 2519.5 60.25 60.25 0 0 
7394.75 2519.5 60.25 60.25 0 1 1 318 
7334.5 2579.75 60.25 60.25 0 2 1 358 1 393 
7394.75 2579.75 60.25 60.25 0 2 1 318 1 358 
7455 2399 241 241 1
7455 2399 120.5 120.5 1
7455 2399 60.25 60.25 0 3 22 58 1 318 27 29 
7515.25 2399 60.25 60.25 0 1 22 58 
7455 2459.25 60.25 60.25 0 2 1 318 27 29 
7515.25 2459.25 60.25 60.25 0 0 
7575.5 2399 120.5 120.5 1
7575.5 2399 60.25 60.25 0 0 
7635.75 2399 60.25 60.25 0 1 1 321 
7575.5 2459.25 60.25 60.25 0 1 24 5 
7635.75 2459.25 60.25 60.25 0 1 1 321 
7455 2519.5 120.5 120.5 1
7455 2519.5 60.25 60.25 0 2 22 59 1 318 
7515.25 2519.5 60.25 60.25 0 0 
7455 2579.75 60.25 60.25 0 1 1 318 
7515.25 2579.75 60.25 60.25 0 0 
7575.5 2519.5 120.5 120.5 1
7575.5 2519.5 60.25 60.25 0 1 27 30 
7635.75 2519.5 60.25 60.25 0 1 1 321 
7575.5 2579.75 60.25 60.25 0 0 
7635.75 2579.75 60.25 60.25 0 1 1 321 
-16 2640 3856 3856 1
-16 2640 1928 1928 1
-16 2640 964 964 0 0 
948 2640 964 964 1
948 2640 482 482 1
948 2640 241 241 0 0 
1189 2640 241 241 0 0 
948 2881 241 241 1
948 2881 120.5 120.5 0 0 
1068.5 2881 120.5 120.5 0 0 
948 3001.5 120.5 120.5 0 0 
1068.5 3001.5 120.5 120.5 1
1068.5 3001.5 60.25 60.25 0 0 
1128.75 3001.5 60.25 60.25 0 2 18 3 12 9 
1068.5 3061.75 60.25 60.25 0 0 
1128.75 3061.75 60.25 60.25 0 2 18 3 12 9 
1189 2881 241 241 0 1 18 4 
1430 2640 482 482 1
1430 2640 241 241 0 0 
1671 2640 241 241 0 0 
1430 2881 241 241 1
1430 2881 120.5 120.5 0 1 8 57 
1550.5 2881 120.5 120.5 0 0 
1430 3001.5 120.5 120.5 0 0 
1550.5 3001.5 120.5 120.5 0 1 18 5 
1671 2881 241 241 0 1 8 58 
948 3122 482 482 0 0 
1430 3122 482 482 0 0 
-16 3604 964 964 0 0 
948 3604 964 964 0 0 
1912 2640 1928 1928 1
1912 2640 964 964 1
1912 2640 482 482 1
1912 2640 241 241 0 0 
2153 2640 241 241 0 0 
1912 2881 241 241 0 1 12 10 
2153 2881 241 241 1
2153 2881 120.5 120.5 0 0 
2273.5 2881 120.5 120.5 0 0 
2153 3001.5 120.5 120.5 0 1 12 11 
2273.5 3001.5 120.5 120.5 0 1 12 12 
2394 2640 482 482 1
2394 2640 241 241 1
2394 2640 120.5 120.5 0 0 
2514.5 2640 120.5 120.5 1
2514.5 2640 60.25 60.25 0 1 1 89 
2574.75 2640 60.25 60.25 0 2 1 89 22 24 
2514.5 2700.25 60.25 60.25 0 1 1 89 
2574.75 2700.25 60.25 60.25 0 3 1 89 1 99 8 51 
2394 2760.5 120.5 120.5 0 0 
2514.5 2760.5 120.5 120.5 1
2514.5 2760.5 60.25 60.25 0 1 1 89 
2574.75 2760.5 60.25 60.25 0 2 1 89 8 51 
2514.5 2820.75 60.25 60.25 0 1 1 89 
2574.75 2820.75 60.25 60.25 0 2 1 101 1 89 
2635 2640 241 241 1
2635 2640 120.5 120.5 1
2635 2640 60.25 60.25 0 1 1 97 
2695.25 2640 60.25 60.25 0 2 1 97 8 49 
2635 2700.25 60.25 60.25 0 2 1 99 8 51 
2695.25 2700.25 60.25 60.25 0 3 1 98 8 49 8 50 
2755.5 2640 120.5 120.5 1
2755.5 2640 60.25 60.25 0 1 1 80 
2815.75 2640 60.25 60.25 0 1 1 80 
2755.5 2700.25 60.25 60.25 0 3 1 98 1 80 8 50 
2815.75 2700.25 60.25 60.25 0 1 1 80 
2635 2760.5 120.5 120.5 1
2635 2760.5 60.25 60.25 0 2 1 100 8 51 
2695.25 2760.5 60.25 60.25 0 1 1 100 
2635 2820.75 60.25 60.25 0 1 1 101 
2695.25 2820.75 60.25 60.25 0 1 8 52 
2755.5 2760.5 120.5 120.5 1
2755.5 2760.5 60.25 60.25 0 2 22 25 1 80 
2815.75 2760.5 60.25 60.25 0 1 1 80 
2755.5 2820.75 60.25 60.25 0 2 22 25 1 80 
2815.75 2820.75 60.25 60.25 0 1 1 80 
2394 2881 241 241 1
2394 2881 120.5 120.5 1
2394 2881 60.25 60.25 0 1 8 59 
2454.25 2881 60.25 60.25 0 1 8 59 
2394 2941.25 60.25 60.25 0 0 
2454.25 2941.25 60.25 60.25 0 1 8 60 
2514.5 2881 120.5 120.5 1
2514.5 2881 60.25 60.25 0 1 1 89 
2574.75 2881 60.25 60.25 0 1 1 89 
2514.5 2941.25 60.25 60.25 0 1 1 89 
2574.75 2941.25 60.25 60.25 0 2 1 89 1 104 
2394 3001.5 120.5 120.5 0 0 
2514.5 3001.5 120.5 120.5 1
2514.5 3001.5 60.25 60.25 0 1 1 107 
2574.75 3001.5 60.25 60.25 0 1 1 107 
2514.5 3061.75 60.25 60.25 0 2 1 107 1 108 
2574.75 3061.75 60.25 60.25 0 3 1 107 1 106 1 108 
2635 2881 241 241 1
2635 2881 120.5 120.5 1
2635 2881 60.25 60.25 0 1 1 102 
2695.25 2881 60.25 60.25 0 2 1 102 22 26 
2635 2941.25 60.25 60.25 0 1 1 104 
2695.25 2941.25 60.25 60.25 0 1 1 103 
2755.5 2881 120.5 120.5 1
2755.5 2881 60.25 60.25 0 2 1 80 22 26 
2815.75 2881 60.25 60.25 0 1 1 80 
2755.5 2941.25 60.25 60.25 0 2 1 103 1 80 
2815.75 2941.25 60.25 60.25 0 1 1 80 
2635 3001.5 120.5 120.5 1
2635 3001.5 60.25 60.25 0 2 1 105 22 27 
2695.25 3001.5 60.25 60.25 0 2 1 105 8 53 
2635 3061.75 60.25 60.25 0 2 1 106 1 108 
2695.25 3061.75 60.25 60.25 0 2 1 108 8 53 
2755.5 3001.5 120.5 120.5 1
2755.5 3001.5 60.25 60.25 0 1 1 80 
2815.75 3001.5 60.25 60.25 0 1 1 80 
2755.5 3061.75 60.25 60.25 0 2 1 108 1 80 
2815.75 3061.75 60.25 60.25 0 2 1 108 1 80 
1912 3122 482 482 0 0 
2394 3122 482 482 0 1 1 108 
2876 2640 964 964 1
2876 2640 482 482 1
2876 2640 241 241 1
2876 2640 120.5 120.5 0 0 
2996.5 2640 120.5 120.5 1
2996.5 2640 60.25 60.25 0 0 
3056.75 2640 60.25 60.25 0 1 1 111 
2996.5 2700.25 60.25 60.25 0 0 
3056.75 2700.25 60.25 60.25 0 2 1 111 1 156 
2876 2760.5 120.5 120.5 0 0 
2996.5 2760.5 120.5 120.5 1
2996.5 2760.5 60.25 60.25 0 0 
3056.75 2760.5 60.25 60.25 0 1 1 111 
2996.5 2820.75 60.25 60.25 0 0 
3056.75 2820.75 60.25 60.25 0 2 1 159 1 111 
3117 2640 241 241 1
3117 2640 120.5 120.5 1
3117 2640 60.25 60.25 0 1 22 42 
3177.25 2640 60.25 60.25 0 2 1 155 22 42 
3117 2700.25 60.25 60.25 0 1 1 156 
3177.25 2700.25 60.25 60.25 0 1 24 1 
3237.5 2640 120.5 120.5 1
3237.5 2640 60.25 60.25 0 3 1 117 1 155 8 82 
3297.75 2640 60.25 60.25 0 2 1 117 1 431 
3237.5 2700.25 60.25 60.25 0 2 1 117 1 157 
3297.75 2700.25 60.25 60.25 0 5 1 117 1 431 5 34 46 39 46 40 
3117 2760.5 120.5 120.5 1
3117 2760.5 60.25 60.25 0 2 1 158 24 2 
3177.25 2760.5 60.25 60.25 0 2 1 158 10 8 
3117 2820.75 60.25 60.25 0 1 1 159 
3177.25 2820.75 60.25 60.25 0 1 22 43 
3237.5 2760.5 120.5 120.5 1
3237.5 2760.5 60.25 60.25 0 1 1 168 
3297.75 2760.5 60.25 60.25 0 5 1 444 1 168 5 34 46 39 46 40 
3237.5 2820.75 60.25 60.25 0 1 1 168 
3297.75 2820.75 60.25 60.25 0 2 1 444 1 168 
2876 2881 241 241 1
2876 2881 120.5 120.5 0 0 
2996.5 2881 120.5 120.5 0 1 1 111 
2876 3001.5 120.5 120.5 0 0 
2996.5 3001.5 120.5 120.5 1
2996.5 3001.5 60.25 60.25 0 0 
3056.75 3001.5 60.25 60.25 0 1 1 111 
2996.5 3061.75 60.25 60.25 0 0 
3056.75 3061.75 60.25 60.25 0 3 1 111 1 164 1 165 
3117 2881 241 241 1
3117 2881 120.5 120.5 1
3117 2881 60.25 60.25 0 2 1 160 22 44 
3177.25 2881 60.25 60.25 0 2 1 160 8 83 
3117 2941.25 60.25 60.25 0 2 1 162 8 84 
3177.25 2941.25 60.25 60.25 0 2 1 161 8 83 
3237.5 2881 120.5 120.5 1
3237.5 2881 60.25 60.25 0 1 1 168 
3297.75 2881 60.25 60.25 0 1 1 168 
3237.5 2941.25 60.25 60.25 0 3 1 168 1 161 10 9 
3297.75 2941.25 60.25 60.25 0 1 1 168 
3117 3001.5 120.5 120.5 1
3117 3001.5 60.25 60.25 0 1 8 84 
3177.25 3001.5 60.25 60.25 0 1 1 163 
3117 3061.75 60.25 60.25 0 2 1 164 1 165 
3177.25 3061.75 60.25 60.25 0 2 1 165 8 85 
3237.5 3001.5 120.5 120.5 1
3237.5 3001.5 60.25 60.25 0 2 1 168 22 45 
3297.75 3001.5 60.25 60.25 0 1 1 168 
3237.5 3061.75 60.25 60.25 0 3 1 168 1 165 22 45 
3297.75 3061.75 60.25 60.25 0 1 1 168 
3358 2640 482 482 1
3358 2640 241 241 1
3358 2640 120.5 120.5 1
3358 2640 60.25 60.25 0 2 1 431 1 432 
3418.25 2640 60.25 60.25 0 2 1 432 1 433 
3358 2700.25 60.25 60.25 0 2 1 431 5 35 
3418.25 2700.25 60.25 60.25 0 0 
3478.5 2640 120.5 120.5 1
3478.5 2640 60.25 60.25 0 2 27 36 1 433 
3538.75 2640 60.25 60.25 0 1 1 433 
3478.5 2700.25 60.25 60.25 0 1 27 37 
3538.75 2700.25 60.25 60.25 0 0 
3358 2760.5 120.5 120.5 1
3358 2760.5 60.25 60.25 0 2 1 444 5 35 
3418.25 2760.5 60.25 60.25 0 0 
3358 2820.75 60.25 60.25 0 2 1 445 1 444 
3418.25 2820.75 60.25 60.25 0 1 1 445 
3478.5 2760.5 120.5 120.5 1
3478.5 2760.5 60.25 60.25 0 1 28 5 
3538.75 2760.5 60.25 60.25 0 0 
3478.5 2820.75 60.25 60.25 0 2 27 38 1 445 
3538.75 2820.75 60.25 60.25 0 1 1 445 
3599 2640 241 241 1
3599 2640 120.5 120.5 1
3599 2640 60.25 60.25 0 2 1 437 1 433 
3659.25 2640 60.25 60.25 0 2 1 433 7 12 
3599 2700.25 60.25 60.25 0 2 1 437 10 18 
3659.25 2700.25 60.25 60.25 0 1 10 18 
3719.5 2640 120.5 120.5 1
3719.5 2640 60.25 60.25 0 4 1 434 1 438 7 12 24 6 
3779.75 2640 60.25 60.25 0 4 1 435 1 434 1 436 1 439 
3719.5 2700.25 60.25 60.25 0 2 1 438 24 6 
3779.75 2700.25 60.25 60.25 0 3 1 439 8 140 27 39 
3599 2760.5 120.5 120.5 0 1 1 445 
3719.5 2760.5 120.5 120.5 1
3719.5 2760.5 60.25 60.25 0 0 
3779.75 2760.5 60.25 60.25 0 1 27 39 
3719.5 2820.75 60.25 60.25 0 1 1 445 
3779.75 2820.75 60.25 60.25 0 2 1 445 1 415 
3358 2881 241 241 1
3358 2881 120.5 120.5 0 0 
3478.5 2881 120.5 120.5 1
3478.5 2881 60.25 60.25 0 0 
3538.75 2881 60.25 60.25 0 0 
3478.5 2941.25 60.25 60.25 0 0 
3538.75 2941.25 60.25 60.25 0 2 1 425 1 426 
3358 3001.5 120.5 120.5 0 0 
3478.5 3001.5 120.5 120.5 0 1 1 426 
3599 2881 241 241 1
3599 2881 120.5 120.5 1
3599 2881 60.25 60.25 0 0 
3659.25 2881 60.25 60.25 0 0 
3599 2941.25 60.25 60.25 0 2 1 426 1 425 
3659.25 2941.25 60.25 60.25 0 2 1 426 1 425 
3719.5 2881 120.5 120.5 1
3719.5 2881 60.25 60.25 0 0 
3779.75 2881 60.25 60.25 0 2 1 416 1 415 
3719.5 2941.25 60.25 60.25 0 1 1 425 
3779.75 2941.25 60.25 60.25 0 5 1 416 1 425 6 4 46 42 46 43 
3599 3001.5 120.5 120.5 1
3599 3001.5 60.25 60.25 0 2 1 427 1 426 
3659.25 3001.5 60.25 60.25 0 3 1 427 1 426 1 430 
3599 3061.75 60.25 60.25 0 2 1 427 1 428 
3659.25 3061.75 60.25 60.25 0 2 1 427 1 428 
3719.5 3001.5 120.5 120.5 1
3719.5 3001.5 60.25 60.25 0 1 1 430 
3779.75 3001.5 60.25 60.25 0 5 1 417 1 429 6 4 46 42 46 43 
3719.5 3061.75 60.25 60.25 0 1 1 428 
3779.75 3061.75 60.25 60.25 0 4 1 418 1 417 1 428 1 429 
2876 3122 482 482 0 1 1 111 
3358 3122 482 482 0 0 
1912 3604 964 964 0 0 
2876 3604 964 964 0 1 1 111 
-16 4568 1928 1928 0 0 
1912 4568 1928 1928 0 1 1 111 
3840 2640 3856 3856 1
3840 2640 1928 1928 1
3840 2640 964 964 1
3840 2640 482 482 1
3840 2640 241 241 1
3840 2640 120.5 120.5 1
3840 2640 60.25 60.25 0 3 1 436 1 435 1 439 
3900.25 2640 60.25 60.25 0 1 1 436 
3840 2700.25 60.25 60.25 0 2 1 439 1 447 
3900.25 2700.25 60.25 60.25 0 1 1 447 
3960.5 2640 120.5 120.5 1
3960.5 2640 60.25 60.25 0 1 1 436 
4020.75 2640 60.25 60.25 0 1 1 436 
3960.5 2700.25 60.25 60.25 0 2 1 451 1 452 
4020.75 2700.25 60.25 60.25 0 4 1 451 1 452 8 141 8 142 
3840 2760.5 120.5 120.5 1
3840 2760.5 60.25 60.25 0 2 1 446 1 447 
3900.25 2760.5 60.25 60.25 0 3 1 446 1 447 27 40 
3840 2820.75 60.25 60.25 0 3 1 445 1 415 1 446 
3900.25 2820.75 60.25 60.25 0 3 1 415 1 446 1 448 
3960.5 2760.5 120.5 120.5 1
3960.5 2760.5 60.25 60.25 0 3 1 449 1 450 27 40 
4020.75 2760.5 60.25 60.25 0 3 1 449 1 450 8 142 
3960.5 2820.75 60.25 60.25 0 3 1 448 1 415 1 449 
4020.75 2820.75 60.25 60.25 0 2 1 415 1 449 
4081 2640 241 241 1
4081 2640 120.5 120.5 1
4081 2640 60.25 60.25 0 1 1 436 
4141.25 2640 60.25 60.25 0 1 1 436 
4081 2700.25 60.25 60.25 0 4 1 451 1 452 8 141 8 142 
4141.25 2700.25 60.25 60.25 0 2 1 451 1 452 
4201.5 2640 120.5 120.5 1
4201.5 2640 60.25 60.25 0 1 1 436 
4261.75 2640 60.25 60.25 0 1 1 436 
4201.5 2700.25 60.25 60.25 0 2 1 451 1 452 
4261.75 2700.25 60.25 60.25 0 4 1 451 1 452 8 145 10 19 
4081 2760.5 120.5 120.5 1
4081 2760.5 60.25 60.25 0 4 1 449 1 450 8 142 8 143 
4141.25 2760.5 60.25 60.25 0 2 1 449 1 450 
4081 2820.75 60.25 60.25 0 2 1 449 1 415 
4141.25 2820.75 60.25 60.25 0 2 1 449 1 415 
4201.5 2760.5 120.5 120.5 1
4201.5 2760.5 60.25 60.25 0 3 1 449 1 450 8 144 
4261.75 2760.5 60.25 60.25 0 4 1 449 1 450 8 146 10 19 
4201.5 2820.75 60.25 60.25 0 2 1 449 1 415 
4261.75 2820.75 60.25 60.25 0 2 1 449 1 415 
3840 2881 241 241 1
3840 2881 120.5 120.5 1
3840 2881 60.25 60.25 0 2 1 415 1 416 
3900.25 2881 60.25 60.25 0 3 1 415 1 421 8 136 
3840 2941.25 60.25 60.25 0 6 1 416 1 422 1 425 6 5 46 42 46 43 
3900.25 2941.25 60.25 60.25 0 2 1 421 1 422 
3960.5 2881 120.5 120.5 1
3960.5 2881 60.25 60.25 0 2 1 415 8 136 
4020.75 2881 60.25 60.25 0 3 1 415 10 17 44 0 
3960.5 2941.25 60.25 60.25 0 1 1 422 
4020.75 2941.25 60.25 60.25 0 1 44 0 
3840 3001.5 120.5 120.5 1
3840 3001.5 60.25 60.25 0 5 1 417 1 429 6 5 46 42 46 43 
3900.25 3001.5 60.25 60.25 0 0 
3840 3061.75 60.25 60.25 0 3 1 418 1 417 1 429 
3900.25 3061.75 60.25 60.25 0 1 1 418 
3960.5 3001.5 120.5 120.5 0 1 1 418 
4081 2881 241 241 1
4081 2881 120.5 120.5 1
4081 2881 60.25 60.25 0 2 10 17 1 415 
4141.25 2881 60.25 60.25 0 1 1 415 
4081 2941.25 60.25 60.25 0 0 
4141.25 2941.25 60.25 60.25 0 0 
4201.5 2881 120.5 120.5 1
4201.5 2881 60.25 60.25 0 1 1 415 
4261.75 2881 60.25 60.25 0 2 8 137 1 415 
4201.5 2941.25 60.25 60.25 0 0 
4261.75 2941.25 60.25 60.25 0 0 
4081 3001.5 120.5 120.5 1
4081 3001.5 60.25 60.25 0 0 
4141.25 3001.5 60.25 60.25 0 1 20 3 
4081 3061.75 60.25 60.25 0 1 1 418 
4141.25 3061.75 60.25 60.25 0 2 20 3 1 418 
4201.5 3001.5 120.5 120.5 1
4201.5 3001.5 60.25 60.25 0 0 
4261.75 3001.5 60.25 60.25 0 1 18 19 
4201.5 3061.75 60.25 60.25 0 1 1 418 
4261.75 3061.75 60.25 60.25 0 2 18 19 1 418 
4322 2640 482 482 1
4322 2640 241 241 1
4322 2640 120.5 120.5 1
4322 2640 60.25 60.25 0 3 1 436 7 13 10 20 
4382.25 2640 60.25 60.25 0 1 7 13 
4322 2700.25 60.25 60.25 0 4 1 451 1 452 1 453 10 20 
4382.25 2700.25 60.25 60.25 0 1 1 453 
4442.5 2640 120.5 120.5 1
4442.5 2640 60.25 60.25 0 2 7 13 27 41 
4502.75 2640 60.25 60.25 0 2 1 441 7 13 
4442.5 2700.25 60.25 60.25 0 2 1 453 8 147 
4502.75 2700.25 60.25 60.25 0 2 1 441 8 148 
4322 2760.5 120.5 120.5 1
4322 2760.5 60.25 60.25 0 3 1 449 1 450 8 146 
4382.25 2760.5 60.25 60.25 0 2 1 449 1 450 
4322 2820.75 60.25 60.25 0 2 1 449 1 415 
4382.25 2820.75 60.25 60.25 0 2 1 449 1 415 
4442.5 2760.5 120.5 120.5 1
4442.5 2760.5 60.25 60.25 0 3 1 449 1 450 8 147 
4502.75 2760.5 60.25 60.25 0 2 1 450 22 63 
4442.5 2820.75 60.25 60.25 0 3 1 449 1 415 1 454 
4502.75 2820.75 60.25 60.25 0 2 1 415 1 454 
4563 2640 241 241 1
4563 2640 120.5 120.5 1
4563 2640 60.25 60.25 0 3 1 441 1 440 7 13 
4623.25 2640 60.25 60.25 0 1 1 440 
4563 2700.25 60.25 60.25 0 2 1 441 8 149 
4623.25 2700.25 60.25 60.25 0 0 
4683.5 2640 120.5 120.5 1
4683.5 2640 60.25 60.25 0 3 1 442 1 440 8 150 
4743.75 2640 60.25 60.25 0 3 1 442 1 443 8 151 
4683.5 2700.25 60.25 60.25 0 1 27 42 
4743.75 2700.25 60.25 60.25 0 1 1 443 
4563 2760.5 120.5 120.5 1
4563 2760.5 60.25 60.25 0 1 1 455 
4623.25 2760.5 60.25 60.25 0 1 1 455 
4563 2820.75 60.25 60.25 0 3 1 454 1 415 1 455 
4623.25 2820.75 60.25 60.25 0 3 1 454 1 415 1 455 
4683.5 2760.5 120.5 120.5 1
4683.5 2760.5 60.25 60.25 0 0 
4743.75 2760.5 60.25 60.25 0 1 1 456 
4683.5 2820.75 60.25 60.25 0 2 1 454 1 415 
4743.75 2820.75 60.25 60.25 0 3 1 454 1 415 1 456 
4322 2881 241 241 1
4322 2881 120.5 120.5 0 1 1 415 
4442.5 2881 120.5 120.5 1
4442.5 2881 60.25 60.25 0 1 1 415 
4502.75 2881 60.25 60.25 0 2 8 138 1 415 
4442.5 2941.25 60.25 60.25 0 0 
4502.75 2941.25 60.25 60.25 0 0 
4322 3001.5 120.5 120.5 1
4322 3001.5 60.25 60.25 0 0 
4382.25 3001.5 60.25 60.25 0 1 20 4 
4322 3061.75 60.25 60.25 0 1 1 418 
4382.25 3061.75 60.25 60.25 0 2 20 4 1 418 
4442.5 3001.5 120.5 120.5 1
4442.5 3001.5 60.25 60.25 0 1 20 4 
4502.75 3001.5 60.25 60.25 0 1 18 20 
4442.5 3061.75 60.25 60.25 0 2 1 418 20 4 
4502.75 3061.75 60.25 60.25 0 2 18 20 1 418 
4563 2881 241 241 1
4563 2881 120.5 120.5 0 1 1 415 
4683.5 2881 120.5 120.5 1
4683.5 2881 60.25 60.25 0 1 1 415 
4743.75 2881 60.25 60.25 0 2 1 415 1 424 
4683.5 2941.25 60.25 60.25 0 1 1 423 
4743.75 2941.25 60.25 60.25 0 2 1 423 1 424 
4563 3001.5 120.5 120.5 1
4563 3001.5 60.25 60.25 0 0 
4623.25 3001.5 60.25 60.25 0 1 18 21 
4563 3061.75 60.25 60.25 0 1 1 418 
4623.25 3061.75 60.25 60.25 0 2 18 21 1 418 
4683.5 3001.5 120.5 120.5 0 1 1 418 
3840 3122 482 482 0 0 
4322 3122 482 482 0 0 
4804 2640 964 964 1
4804 2640 482 482 1
4804 2640 241 241 1
4804 2640 120.5 120.5 1
4804 2640 60.25 60.25 0 1 1 443 
4864.25 2640 60.25 60.25 0 0 
4804 2700.25 60.25 60.25 0 5 1 443 1 408 5 32 46 37 46 38 
4864.25 2700.25 60.25 60.25 0 3 1 408 5 33 46 38 
4924.5 2640 120.5 120.5 1
4924.5 2640 60.25 60.25 0 0 
4984.75 2640 60.25 60.25 0 1 22 62 
4924.5 2700.25 60.25 60.25 0 1 1 408 
4984.75 2700.25 60.25 60.25 0 1 1 408 
4804 2760.5 120.5 120.5 1
4804 2760.5 60.25 60.25 0 5 1 409 1 456 5 32 46 37 46 38 
4864.25 2760.5 60.25 60.25 0 4 1 409 5 33 46 38 27 35 
4804 2820.75 60.25 60.25 0 4 1 411 1 409 1 415 1 456 
4864.25 2820.75 60.25 60.25 0 2 1 411 1 409 
4924.5 2760.5 120.5 120.5 1
4924.5 2760.5 60.25 60.25 0 1 1 409 
4984.75 2760.5 60.25 60.25 0 1 1 410 
4924.5 2820.75 60.25 60.25 0 1 1 409 
4984.75 2820.75 60.25 60.25 0 1 1 410 
5045 2640 241 241 1
5045 2640 120.5 120.5 1
5045 2640 60.25 60.25 0 0 
5105.25 2640 60.25 60.25 0 1 1 360 
5045 2700.25 60.25 60.25 0 3 1 408 5 30 46 35 
5105.25 2700.25 60.25 60.25 0 6 1 408 1 360 5 30 5 31 46 35 46 36 
5165.5 2640 120.5 120.5 1
5165.5 2640 60.25 60.25 0 2 1 361 1 360 
5225.75 2640 60.25 60.25 0 2 1 361 1 362 
5165.5 2700.25 60.25 60.25 0 2 1 360 5 31 
5225.75 2700.25 60.25 60.25 0 0 
5045 2760.5 120.5 120.5 1
5045 2760.5 60.25 60.25 0 3 1 410 5 30 46 35 
5105.25 2760.5 60.25 60.25 0 6 1 394 1 410 5 30 5 31 46 35 46 36 
5045 2820.75 60.25 60.25 0 2 1 410 1 414 
5105.25 2820.75 60.25 60.25 0 4 1 395 1 394 1 410 1 414 
5165.5 2760.5 120.5 120.5 1
5165.5 2760.5 60.25 60.25 0 2 1 394 5 31 
5225.75 2760.5 60.25 60.25 0 0 
5165.5 2820.75 60.25 60.25 0 2 1 395 1 394 
5225.75 2820.75 60.25 60.25 0 1 1 395 
4804 2881 241 241 1
4804 2881 120.5 120.5 1
4804 2881 60.25 60.25 0 3 1 415 1 411 1 420 
4864.25 2881 60.25 60.25 0 1 1 411 
4804 2941.25 60.25 60.25 0 5 1 411 1 420 1 423 46 41 8 139 
4864.25 2941.25 60.25 60.25 0 2 1 411 5 36 
4924.5 2881 120.5 120.5 0 0 
4804 3001.5 120.5 120.5 1
4804 3001.5 60.25 60.25 0 3 1 412 1 419 46 41 
4864.25 3001.5 60.25 60.25 0 2 1 412 5 36 
4804 3061.75 60.25 60.25 0 4 1 413 1 412 1 418 1 419 
4864.25 3061.75 60.25 60.25 0 2 1 413 1 412 
4924.5 3001.5 120.5 120.5 0 1 1 413 
5045 2881 241 241 1
5045 2881 120.5 120.5 0 1 1 414 
5165.5 2881 120.5 120.5 0 0 
5045 3001.5 120.5 120.5 1
5045 3001.5 60.25 60.25 0 1 1 414 
5105.25 3001.5 60.25 60.25 0 1 1 414 
5045 3061.75 60.25 60.25 0 2 1 413 1 414 
5105.25 3061.75 60.25 60.25 0 2 1 413 1 414 
5165.5 3001.5 120.5 120.5 0 0 
5286 2640 482 482 1
5286 2640 241 241 1
5286 2640 120.5 120.5 1
5286 2640 60.25 60.25 0 2 1 362 27 31 
5346.25 2640 60.25 60.25 0 2 1 363 1 362 
5286 2700.25 60.25 60.25 0 1 27 32 
5346.25 2700.25 60.25 60.25 0 1 1 396 
5406.5 2640 120.5 120.5 1
5406.5 2640 60.25 60.25 0 2 1 364 1 363 
5466.75 2640 60.25 60.25 0 2 1 364 1 365 
5406.5 2700.25 60.25 60.25 0 1 1 396 
5466.75 2700.25 60.25 60.25 0 1 1 396 
5286 2760.5 120.5 120.5 1
5286 2760.5 60.25 60.25 0 1 28 4 
5346.25 2760.5 60.25 60.25 0 1 1 396 
5286 2820.75 60.25 60.25 0 2 1 395 27 33 
5346.25 2820.75 60.25 60.25 0 2 1 396 1 395 
5406.5 2760.5 120.5 120.5 0 1 1 396 
5527 2640 241 241 1
5527 2640 120.5 120.5 1
5527 2640 60.25 60.25 0 5 1 365 1 366 7 9 8 123 8 124 
5587.25 2640 60.25 60.25 0 4 1 366 1 367 7 9 8 124 
5527 2700.25 60.25 60.25 0 4 1 396 8 123 8 124 18 13 
5587.25 2700.25 60.25 60.25 0 2 1 396 8 124 
5647.5 2640 120.5 120.5 1
5647.5 2640 60.25 60.25 0 2 1 368 1 367 
5707.75 2640 60.25 60.25 0 2 1 368 1 369 
5647.5 2700.25 60.25 60.25 0 1 1 396 
5707.75 2700.25 60.25 60.25 0 1 1 396 
5527 2760.5 120.5 120.5 0 1 1 396 
5647.5 2760.5 120.5 120.5 0 1 1 396 
5286 2881 241 241 0 0 
5527 2881 241 241 0 0 
4804 3122 482 482 0 1 1 413 
5286 3122 482 482 0 0 
3840 3604 964 964 0 0 
4804 3604 964 964 0 0 
5768 2640 1928 1928 1
5768 2640 964 964 1
5768 2640 482 482 1
5768 2640 241 241 1
5768 2640 120.5 120.5 1
5768 2640 60.25 60.25 0 4 1 369 1 370 7 10 8 125 
5828.25 2640 60.25 60.25 0 4 1 370 1 371 7 10 8 126 
5768 2700.25 60.25 60.25 0 3 1 396 8 125 18 14 
5828.25 2700.25 60.25 60.25 0 3 1 371 1 396 8 126 
5888.5 2640 120.5 120.5 1
5888.5 2640 60.25 60.25 0 4 1 372 1 371 7 7 8 127 
5948.75 2640 60.25 60.25 0 2 1 374 7 7 
5888.5 2700.25 60.25 60.25 0 1 1 371 
5948.75 2700.25 60.25 60.25 0 3 1 373 1 374 34 0 
5768 2760.5 120.5 120.5 1
5768 2760.5 60.25 60.25 0 1 1 396 
5828.25 2760.5 60.25 60.25 0 1 1 396 
5768 2820.75 60.25 60.25 0 1 1 396 
5828.25 2820.75 60.25 60.25 0 2 1 397 1 396 
5888.5 2760.5 120.5 120.5 1
5888.5 2760.5 60.25 60.25 0 0 
5948.75 2760.5 60.25 60.25 0 2 1 373 34 0 
5888.5 2820.75 60.25 60.25 0 1 1 397 
5948.75 2820.75 60.25 60.25 0 1 1 397 
6009 2640 241 241 1
6009 2640 120.5 120.5 1
6009 2640 60.25 60.25 0 3 1 374 7 7 8 128 
6069.25 2640 60.25 60.25 0 4 1 376 1 377 7 7 8 129 
6009 2700.25 60.25 60.25 0 4 1 374 1 375 8 128 34 0 
6069.25 2700.25 60.25 60.25 0 1 1 377 
6129.5 2640 120.5 120.5 1
6129.5 2640 60.25 60.25 0 2 1 378 1 377 
6189.75 2640 60.25 60.25 0 1 1 378 
6129.5 2700.25 60.25 60.25 0 2 1 377 1 398 
6189.75 2700.25 60.25 60.25 0 2 1 398 18 15 
6009 2760.5 120.5 120.5 1
6009 2760.5 60.25 60.25 0 2 1 375 34 0 
6069.25 2760.5 60.25 60.25 0 0 
6009 2820.75 60.25 60.25 0 1 1 397 
6069.25 2820.75 60.25 60.25 0 1 1 397 
6129.5 2760.5 120.5 120.5 1
6129.5 2760.5 60.25 60.25 0 1 1 398 
6189.75 2760.5 60.25 60.25 0 1 1 398 
6129.5 2820.75 60.25 60.25 0 2 1 398 1 397 
6189.75 2820.75 60.25 60.25 0 1 1 398 
5768 2881 241 241 0 0 
6009 2881 241 241 0 0 
6250 2640 482 482 1
6250 2640 241 241 1
6250 2640 120.5 120.5 1
6250 2640 60.25 60.25 0 2 1 379 1 378 
6310.25 2640 60.25 60.25 0 2 1 379 1 378 
6250 2700.25 60.25 60.25 0 2 1 379 1 398 
6310.25 2700.25 60.25 60.25 0 1 1 379 
6370.5 2640 120.5 120.5 1
6370.5 2640 60.25 60.25 0 2 1 379 1 378 
6430.75 2640 60.25 60.25 0 2 1 378 1 380 
6370.5 2700.25 60.25 60.25 0 1 1 379 
6430.75 2700.25 60.25 60.25 0 2 1 380 1 400 
6250 2760.5 120.5 120.5 1
6250 2760.5 60.25 60.25 0 3 1 398 1 379 1 399 
6310.25 2760.5 60.25 60.25 0 2 1 379 1 399 
6250 2820.75 60.25 60.25 0 2 1 398 1 399 
6310.25 2820.75 60.25 60.25 0 1 1 399 
6370.5 2760.5 120.5 120.5 1
6370.5 2760.5 60.25 60.25 0 2 1 399 1 379 
6430.75 2760.5 60.25 60.25 0 3 1 399 1 400 18 16 
6370.5 2820.75 60.25 60.25 0 1 1 399 
6430.75 2820.75 60.25 60.25 0 2 1 399 1 400 
6491 2640 241 241 1
6491 2640 120.5 120.5 1
6491 2640 60.25 60.25 0 2 1 378 1 380 
6551.25 2640 60.25 60.25 0 2 1 378 1 380 
6491 2700.25 60.25 60.25 0 2 1 380 1 400 
6551.25 2700.25 60.25 60.25 0 2 1 380 1 400 
6611.5 2640 120.5 120.5 1
6611.5 2640 60.25 60.25 0 2 1 381 1 378 
6671.75 2640 60.25 60.25 0 5 1 381 1 382 1 383 7 8 8 130 
6611.5 2700.25 60.25 60.25 0 1 1 381 
6671.75 2700.25 60.25 60.25 0 2 1 381 8 130 
6491 2760.5 120.5 120.5 1
6491 2760.5 60.25 60.25 0 1 1 400 
6551.25 2760.5 60.25 60.25 0 2 1 401 1 400 
6491 2820.75 60.25 60.25 0 1 1 400 
6551.25 2820.75 60.25 60.25 0 2 1 401 1 400 
6611.5 2760.5 120.5 120.5 1
6611.5 2760.5 60.25 60.25 0 1 1 401 
6671.75 2760.5 60.25 60.25 0 1 1 403 
6611.5 2820.75 60.25 60.25 0 2 1 402 1 401 
6671.75 2820.75 60.25 60.25 0 2 1 402 1 403 
6250 2881 241 241 0 0 
6491 2881 241 241 0 0 
5768 3122 482 482 0 0 
6250 3122 482 482 0 0 
6732 2640 964 964 1
6732 2640 482 482 1
6732 2640 241 241 1
6732 2640 120.5 120.5 1
6732 2640 60.25 60.25 0 4 1 384 1 383 7 8 8 130 
6792.25 2640 60.25 60.25 0 4 1 384 1 386 7 8 8 131 
6732 2700.25 60.25 60.25 0 3 1 384 1 385 8 130 
6792.25 2700.25 60.25 60.25 0 2 1 384 8 131 
6852.5 2640 120.5 120.5 1
6852.5 2640 60.25 60.25 0 3 1 388 1 387 7 8 
6912.75 2640 60.25 60.25 0 1 1 388 
6852.5 2700.25 60.25 60.25 0 2 1 387 1 405 
6912.75 2700.25 60.25 60.25 0 1 1 405 
6732 2760.5 120.5 120.5 1
6732 2760.5 60.25 60.25 0 1 1 403 
6792.25 2760.5 60.25 60.25 0 1 1 404 
6732 2820.75 60.25 60.25 0 3 1 403 1 402 18 17 
6792.25 2820.75 60.25 60.25 0 2 1 402 1 404 
6852.5 2760.5 120.5 120.5 1
6852.5 2760.5 60.25 60.25 0 1 1 405 
6912.75 2760.5 60.25 60.25 0 1 1 405 
6852.5 2820.75 60.25 60.25 0 2 1 405 1 402 
6912.75 2820.75 60.25 60.25 0 1 1 405 
6973 2640 241 241 1
6973 2640 120.5 120.5 1
6973 2640 60.25 60.25 0 3 1 388 1 389 1 390 
7033.25 2640 60.25 60.25 0 3 1 390 7 11 8 132 
6973 2700.25 60.25 60.25 0 1 1 405 
7033.25 2700.25 60.25 60.25 0 3 1 405 8 132 18 18 
7093.5 2640 120.5 120.5 1
7093.5 2640 60.25 60.25 0 3 1 391 7 11 8 133 
7153.75 2640 60.25 60.25 0 3 1 392 1 391 7 11 
7093.5 2700.25 60.25 60.25 0 3 1 405 8 133 18 18 
7153.75 2700.25 60.25 60.25 0 1 1 405 
6973 2760.5 120.5 120.5 1
6973 2760.5 60.25 60.25 0 1 1 405 
7033.25 2760.5 60.25 60.25 0 2 18 18 1 405 
6973 2820.75 60.25 60.25 0 1 1 405 
7033.25 2820.75 60.25 60.25 0 1 1 405 
7093.5 2760.5 120.5 120.5 1
7093.5 2760.5 60.25 60.25 0 2 1 405 18 18 
7153.75 2760.5 60.25 60.25 0 2 1 406 1 405 
7093.5 2820.75 60.25 60.25 0 1 1 405 
7153.75 2820.75 60.25 60.25 0 2 1 406 1 405 
6732 2881 241 241 0 0 
6973 2881 241 241 0 0 
7214 2640 482 482 1
7214 2640 241 241 1
7214 2640 120.5 120.5 1
7214 2640 60.25 60.25 0 2 1 392 8 134 
7274.25 2640 60.25 60.25 0 3 1 393 1 392 8 135 
7214 2700.25 60.25 60.25 0 1 27 34 
7274.25 2700.25 60.25 60.25 0 0 
7334.5 2640 120.5 120.5 1
7334.5 2640 60.25 60.25 0 3 1 358 1 393 8 135 
7394.75 2640 60.25 60.25 0 2 1 358 1 318 
7334.5 2700.25 60.25 60.25 0 1 1 358 
7394.75 2700.25 60.25 60.25 0 5 1 358 1 318 5 28 46 33 46 34 
7214 2760.5 120.5 120.5 1
7214 2760.5 60.25 60.25 0 1 1 406 
7274.25 2760.5 60.25 60.25 0 0 
7214 2820.75 60.25 60.25 0 2 1 407 1 406 
7274.25 2820.75 60.25 60.25 0 1 1 407 
7334.5 2760.5 120.5 120.5 1
7334.5 2760.5 60.25 60.25 0 1 1 359 
7394.75 2760.5 60.25 60.25 0 5 1 319 1 359 5 28 46 33 46 34 
7334.5 2820.75 60.25 60.25 0 2 1 359 1 407 
7394.75 2820.75 60.25 60.25 0 3 1 320 1 319 1 359 
7455 2640 241 241 1
7455 2640 120.5 120.5 1
7455 2640 60.25 60.25 0 1 1 318 
7515.25 2640 60.25 60.25 0 1 1 337 
7455 2700.25 60.25 60.25 0 3 1 318 1 339 5 29 
7515.25 2700.25 60.25 60.25 0 0 
7575.5 2640 120.5 120.5 1
7575.5 2640 60.25 60.25 0 1 22 60 
7635.75 2640 60.25 60.25 0 1 1 321 
7575.5 2700.25 60.25 60.25 0 1 1 338 
7635.75 2700.25 60.25 60.25 0 2 1 338 1 321 
7455 2760.5 120.5 120.5 1
7455 2760.5 60.25 60.25 0 3 1 319 5 29 22 61 
7515.25 2760.5 60.25 60.25 0 2 1 340 22 61 
7455 2820.75 60.25 60.25 0 3 1 320 1 319 1 341 
7515.25 2820.75 60.25 60.25 0 2 1 320 1 341 
7575.5 2760.5 120.5 120.5 1
7575.5 2760.5 60.25 60.25 0 2 1 340 8 118 
7635.75 2760.5 60.25 60.25 0 1 1 321 
7575.5 2820.75 60.25 60.25 0 2 1 320 8 118 
7635.75 2820.75 60.25 60.25 0 2 1 321 1 320 
7214 2881 241 241 0 0 
7455 2881 241 241 0 0 
6732 3122 482 482 0 0 
7214 3122 482 482 0 0 
5768 3604 964 964 0 0 
6732 3604 964 964 0 0 
3840 4568 1928 1928 0 0 
5768 4568 1928 1928 0 0 
